"Date","Country","Home","Away","GD..5","GD..5.1","GD..4","GD..3","GD..2","GD..1","GD.0","GD.1","GD.2","GD.3","GD.4","GD.5","GD.5.1","R.0.0","R.0.1","R.1.0","R.0.2","R.1.1","R.2.0","R.0.3","R.1.2","R.2.1","R.3.0","R.0.4","R.1.3","R.2.2","R.3.1","R.4.0","R.0.5","R.1.4","R.2.3","R.3.2","R.4.1","R.5.0","R.0.6","R.1.5","R.2.4","R.3.3","R.4.2","R.5.1","R.6.0"
"2025-03-15","BEL","Genk","St Gillis",4e-04,8e-04,0.009,0.0307,0.0857,0.1749,0.3018,0.2217,0.1111,0.0456,0.0128,0.0052,3e-04,0.0925,0.0833,0.1045,0.0473,0.1405,0.0651,0.0215,0.0701,0.089,0.0308,0.0058,0.0325,0.0567,0.0393,0.0094,7e-04,0.0078,0.0197,0.0248,0.0129,0.0045,4e-04,0.0027,0.0053,0.011,0.0062,0.0033,1e-04
"2025-03-15","BUL","CSKA Sofia","Cherno More",1e-04,5e-04,0.0069,0.0267,0.0819,0.1822,0.3294,0.223,0.0996,0.0359,0.0099,0.0036,2e-04,0.1305,0.1039,0.1241,0.0532,0.144,0.0646,0.0212,0.063,0.0789,0.0269,0.0046,0.0246,0.0479,0.0308,0.0082,5e-04,0.005,0.0142,0.0174,0.0082,0.0033,1e-04,0.0021,0.0036,0.0065,0.0039,0.0016,0
"2025-03-15","BUL","Hebar","Lok Sofia",0.0011,0.0057,0.017,0.044,0.1003,0.2185,0.2945,0.1906,0.0846,0.0314,0.0097,0.0026,1e-04,0.0897,0.0997,0.0922,0.0589,0.1352,0.0496,0.0306,0.0909,0.0746,0.0235,0.0139,0.036,0.0577,0.0288,0.0062,0.0054,0.0112,0.0248,0.0223,0.0067,0.0016,7e-04,0.0026,0.0049,0.0104,0.0059,0.0033,1e-04
"2025-03-15","BUL","Razgrad","Botev Vratsa",0,0,0.0013,6e-04,0.0043,0.0236,0.0779,0.2063,0.2274,0.1863,0.1325,0.0719,0.0678,0.0215,0.0139,0.106,0.0025,0.0357,0.1368,5e-04,0.0075,0.0782,0.123,0.0012,0.0011,0.0157,0.076,0.0874,0,1e-04,0.0018,0.019,0.0533,0.0554,0,1e-04,0,0.0045,0.0124,0.0377,0.0328
"2025-03-15","CRO","Dinamo Zagreb","Lok Zagreb",0,0.0011,0.0033,0.0086,0.0326,0.0871,0.1944,0.2497,0.1944,0.1136,0.0655,0.032,0.0174,0.0406,0.0328,0.0988,0.0152,0.0848,0.1063,0.0056,0.04,0.1072,0.0742,0.0028,0.0141,0.0557,0.0641,0.0414,9e-04,0.0016,0.0124,0.0365,0.0313,0.0204,0,5e-04,0.0029,0.0114,0.022,0.0207,0.0098
"2025-03-15","CRO","Sibenik","Istra 1961",0.0037,0.0046,0.0201,0.0553,0.1141,0.2327,0.2818,0.1833,0.0722,0.0225,0.0083,0.0014,1e-04,0.0978,0.117,0.0957,0.0697,0.1257,0.0462,0.0355,0.0911,0.0688,0.015,0.0159,0.0385,0.0464,0.0209,0.0065,0.0041,0.0166,0.0209,0.0175,0.0069,0.0012,0.003,0.0034,0.0053,0.0115,0.0051,0.0016,0
"2025-03-15","CZE","Teplice","Slovacko",3e-04,0.0013,0.0061,0.0248,0.0698,0.1713,0.308,0.2245,0.1208,0.0534,0.0146,0.0029,0.002,0.0978,0.0848,0.1111,0.0376,0.1476,0.0738,0.0165,0.0673,0.0894,0.0399,0.0047,0.0271,0.0527,0.0414,0.0099,0.0013,0.0072,0.0168,0.0221,0.0119,0.0028,2e-04,0.0011,0.005,0.0092,0.005,0.0041,0.0014
"2025-03-15","CZE","Slovan Liberec","Sparta Praha",0.007,0.0179,0.0437,0.1018,0.177,0.2517,0.225,0.1191,0.0399,0.0126,0.0035,5e-04,1e-04,0.0601,0.1109,0.0499,0.1027,0.0972,0.0225,0.062,0.1021,0.0538,0.0079,0.0299,0.0567,0.0553,0.0137,0.0021,0.0121,0.0331,0.0315,0.0131,0.0045,3e-04,0.0039,0.0112,0.0157,0.0101,0.0036,0.001,1e-04
"2025-03-15","CZE","Mlada Boleslav","Bohemians Praha",0.0012,7e-04,0.0037,0.0189,0.0488,0.1346,0.2632,0.2453,0.153,0.077,0.0391,0.0104,0.0039,0.0716,0.0582,0.1068,0.0266,0.1196,0.085,0.0127,0.0573,0.1022,0.0493,0.0027,0.017,0.0596,0.0575,0.0303,6e-04,0.0058,0.0164,0.0298,0.0233,0.0073,3e-04,0.001,0.005,0.0118,0.009,0.007,0.0025
"2025-03-15","CZE","Pardubice","Dukla",1e-04,5e-04,0.0027,0.0204,0.0546,0.1514,0.2845,0.2549,0.1454,0.0551,0.0214,0.0072,0.0016,0.0946,0.0744,0.134,0.0312,0.1342,0.0932,0.0155,0.0608,0.0955,0.037,0.0015,0.0194,0.0477,0.0434,0.0165,5e-04,0.0046,0.0143,0.0233,0.016,0.0051,0,0.0012,0.0038,0.0077,0.0079,0.0044,8e-04
"2025-03-15","ENG","Everton","West Ham",5e-04,0.0016,0.0073,0.0217,0.0735,0.1632,0.297,0.2358,0.1258,0.0513,0.0146,0.0062,0.0014,0.0974,0.0826,0.1147,0.0474,0.1443,0.0762,0.0129,0.0647,0.0963,0.0368,0.0053,0.0231,0.0469,0.0425,0.0108,0.0015,0.0077,0.0138,0.0214,0.0121,0.0058,2e-04,0.002,0.0027,0.0081,0.0063,0.0033,8e-04
"2025-03-15","ENG","Blackburn","Cardiff",2e-04,9e-04,0.0035,0.0233,0.054,0.1557,0.2786,0.2422,0.1511,0.0583,0.0225,0.0078,0.0018,0.0847,0.0681,0.1246,0.0282,0.1324,0.0946,0.0185,0.0668,0.091,0.0387,0.0014,0.0215,0.0515,0.0452,0.0157,8e-04,0.0046,0.0181,0.0251,0.018,0.0053,0,0.002,0.0041,0.0093,0.0102,0.0063,7e-04
"2025-03-15","ENG","Preston","Portsmouth",8e-04,0.0013,0.0041,0.0157,0.0646,0.1641,0.2933,0.2399,0.1334,0.0573,0.0182,0.006,0.0012,0.0917,0.083,0.1261,0.0424,0.1395,0.0877,0.0116,0.0601,0.0885,0.039,0.0032,0.0189,0.0536,0.039,0.0119,8e-04,0.0038,0.0194,0.0203,0.0151,0.005,5e-04,8e-04,0.0032,0.0076,0.0051,0.0052,8e-04
"2025-03-15","ENG","Coventry","Sunderland",3e-04,8e-04,0.0089,0.0305,0.0858,0.1758,0.3038,0.2216,0.1099,0.0446,0.0126,0.0051,3e-04,0.0951,0.0851,0.1058,0.0482,0.1405,0.0647,0.0217,0.0696,0.0881,0.0304,0.0057,0.0318,0.0565,0.0387,0.0094,7e-04,0.0075,0.0193,0.0243,0.0124,0.0045,3e-04,0.0028,0.0052,0.0106,0.0061,0.0031,1e-04
"2025-03-15","ENG","West Brom","Hull",1e-04,3e-04,0.0025,0.0184,0.0558,0.1459,0.2818,0.2621,0.1433,0.0567,0.0235,0.0078,0.0018,0.0933,0.0748,0.133,0.033,0.1324,0.0898,0.013,0.0567,0.1017,0.0374,0.0017,0.0186,0.048,0.0453,0.0191,2e-04,0.0051,0.0128,0.0242,0.0164,0.0056,0,8e-04,0.004,0.0077,0.0072,0.0037,0.001
"2025-03-15","ENG","Millwall","Stoke",4e-04,8e-04,0.004,0.0149,0.0642,0.1658,0.3126,0.2448,0.1248,0.0491,0.0137,0.0041,8e-04,0.1175,0.0943,0.1445,0.0454,0.1463,0.0883,0.0113,0.0572,0.082,0.0365,0.0033,0.0164,0.0434,0.0322,0.0102,6e-04,0.0034,0.0134,0.0154,0.0107,0.0036,4e-04,6e-04,0.0021,0.0049,0.0035,0.0031,6e-04
"2025-03-15","ENG","Luton","Middlesbrough",0.0016,0.0036,0.0155,0.0537,0.1083,0.2084,0.2729,0.1964,0.0928,0.0324,0.0115,0.0027,1e-04,0.068,0.0933,0.0878,0.0587,0.1321,0.0495,0.037,0.0833,0.0803,0.0224,0.0098,0.0388,0.0591,0.033,0.0086,0.0029,0.0143,0.0249,0.025,0.0087,0.0023,0.001,0.0038,0.0083,0.0117,0.0089,0.0027,1e-04
"2025-03-15","ENG","Man City","Brighton",2e-04,4e-04,0.0037,0.0161,0.0447,0.1159,0.2298,0.2448,0.1711,0.0925,0.0523,0.0177,0.0106,0.05,0.0431,0.0953,0.025,0.102,0.0871,0.0093,0.0465,0.1051,0.0574,0.0023,0.0152,0.0616,0.0665,0.0294,4e-04,0.0056,0.0195,0.037,0.0274,0.0132,2e-04,0.0013,0.0043,0.0134,0.0164,0.0198,0.0064
"2025-03-15","ENG","Southampton","Wolves",0.0061,0.0078,0.0286,0.0698,0.1334,0.2244,0.247,0.1663,0.0809,0.0252,0.009,0.001,4e-04,0.0646,0.0911,0.0716,0.0719,0.1119,0.0429,0.0392,0.0955,0.068,0.0169,0.0196,0.0497,0.0548,0.0288,0.0066,0.0068,0.026,0.0316,0.0221,0.008,7e-04,0.0035,0.0065,0.0103,0.0152,0.009,0.0023,4e-04
"2025-03-15","ENG","Swansea","Burnley",0.0026,0.0094,0.0317,0.0753,0.1615,0.2577,0.2694,0.135,0.0422,0.0117,0.0028,5e-04,3e-04,0.1067,0.1394,0.072,0.106,0.1177,0.0278,0.056,0.0939,0.0524,0.0082,0.0247,0.048,0.0376,0.0119,0.002,0.0073,0.0164,0.0214,0.0093,0.003,5e-04,0.0016,0.0058,0.007,0.0066,0.0024,5e-04,3e-04
"2025-03-15","ENG","QPR","Leeds",0.004,0.0149,0.0402,0.0864,0.174,0.2542,0.2447,0.1245,0.0411,0.0114,0.004,3e-04,1e-04,0.0802,0.1244,0.057,0.1066,0.1089,0.025,0.0574,0.0984,0.0551,0.0082,0.0295,0.0542,0.0471,0.0134,0.0024,0.0102,0.0242,0.0267,0.0109,0.003,3e-04,0.0023,0.009,0.0123,0.0068,0.0027,0.0011,1e-04
"2025-03-15","ENG","Ipswich","Forest",0.0056,0.0154,0.0459,0.0919,0.169,0.2431,0.2341,0.1281,0.0457,0.0153,0.0041,9e-04,7e-04,0.0653,0.1012,0.054,0.0926,0.1052,0.0251,0.0605,0.1009,0.0563,0.0089,0.0319,0.0629,0.0477,0.0156,0.0025,0.0113,0.0248,0.0339,0.015,0.005,9e-04,0.0032,0.0108,0.0126,0.0135,0.005,9e-04,7e-04
"2025-03-15","ENG","Oxford","Watford",0.001,0.0027,0.0123,0.0484,0.1033,0.2129,0.2885,0.2017,0.0882,0.0292,0.0096,0.0021,0,0.0877,0.1089,0.1026,0.0621,0.1398,0.0523,0.0356,0.0801,0.0771,0.0215,0.0085,0.0338,0.0515,0.0287,0.0075,0.0023,0.0113,0.0196,0.0198,0.0068,0.0018,7e-04,0.0027,0.0059,0.0083,0.0064,0.0019,0
"2025-03-15","ENG","Bournemouth","Brentford",9e-04,0.0017,0.0048,0.0203,0.063,0.1581,0.2683,0.2324,0.1457,0.0668,0.0259,0.0097,0.0023,0.065,0.064,0.1032,0.0344,0.1266,0.084,0.0146,0.0651,0.0934,0.0406,0.0029,0.0232,0.0627,0.0486,0.0155,0.0011,0.0052,0.0256,0.0292,0.0216,0.0068,6e-04,0.0018,0.0052,0.0125,0.0103,0.0086,0.0011
"2025-03-15","ENG","Plymouth","Derby",5e-04,0.0013,0.008,0.0291,0.0782,0.1703,0.2958,0.2218,0.1201,0.0539,0.0152,0.0044,0.0014,0.0833,0.0768,0.1008,0.0395,0.1421,0.0694,0.0187,0.0709,0.0923,0.0371,0.0055,0.0327,0.0572,0.0436,0.0099,0.0012,0.0087,0.0202,0.0262,0.0145,0.0038,4e-04,0.0018,0.0058,0.012,0.0065,0.0047,0.0011
"2025-03-15","ESP","Valladolid","Celta",0.0062,0.0063,0.0259,0.0663,0.1219,0.2267,0.2598,0.1749,0.0756,0.0249,0.0098,0.0015,2e-04,0.0723,0.097,0.0779,0.0663,0.1163,0.0428,0.0378,0.0959,0.0713,0.0151,0.0188,0.0462,0.054,0.0247,0.0075,0.0054,0.0231,0.0276,0.0233,0.0093,0.0013,0.0045,0.0055,0.0084,0.0167,0.0079,0.0019,1e-04
"2025-03-15","ESP","Mallorca","Espanyol",1e-04,6e-04,0.0025,0.0202,0.0519,0.1548,0.2951,0.2539,0.1436,0.0515,0.0187,0.0059,0.0012,0.107,0.079,0.1434,0.0306,0.1373,0.0967,0.0162,0.061,0.0892,0.0362,0.0013,0.0181,0.044,0.0394,0.0143,5e-04,0.0038,0.0133,0.0199,0.014,0.0043,0,0.0012,0.003,0.0065,0.0069,0.004,5e-04
"2025-03-15","ESP","Cordoba","Gijon",4e-04,0.0013,0.007,0.0272,0.0745,0.1712,0.3022,0.2231,0.1199,0.0532,0.0147,0.0036,0.0016,0.0908,0.081,0.1063,0.0388,0.1451,0.0715,0.0178,0.0693,0.0907,0.0382,0.0051,0.0302,0.0549,0.0422,0.0098,0.0012,0.0079,0.0185,0.024,0.0132,0.0033,3e-04,0.0014,0.0054,0.0105,0.0056,0.0043,0.0012
"2025-03-15","ESP","Ferrol","Eibar",0.0022,0.0061,0.0195,0.0507,0.1149,0.2288,0.2778,0.1846,0.0765,0.0266,0.0095,0.0026,1e-04,0.0898,0.1131,0.0986,0.071,0.1273,0.0484,0.0342,0.089,0.0693,0.0196,0.016,0.0383,0.0495,0.0237,0.0056,0.0052,0.0142,0.0241,0.0156,0.0049,0.0019,0.002,0.0026,0.0048,0.0109,0.0042,0.0032,0
"2025-03-15","ESP","Villarreal","Real Madrid",0.0098,0.016,0.0432,0.0856,0.1529,0.2225,0.2405,0.1348,0.0609,0.0259,0.0055,0.0022,1e-04,0.0493,0.0797,0.0489,0.0732,0.1025,0.0268,0.0486,0.0935,0.0553,0.0138,0.0267,0.0584,0.0653,0.0247,0.0038,0.0095,0.0284,0.0383,0.0243,0.0109,7e-04,0.0036,0.0131,0.0193,0.0208,0.0084,0.0012,0
"2025-03-15","ESP","Almeria","Zaragoza",0.0014,6e-04,0.0022,0.0181,0.0412,0.1223,0.2518,0.2465,0.1567,0.0888,0.0481,0.0155,0.0067,0.0576,0.0474,0.1001,0.0247,0.1162,0.0873,0.01,0.055,0.1026,0.0574,0.0017,0.0125,0.0634,0.0571,0.0344,5e-04,0.0062,0.0154,0.0366,0.0242,0.0104,9e-04,5e-04,0.0036,0.0124,0.0103,0.0123,0.0048
"2025-03-15","ESP","Cartagena","Burgos",9e-04,0.0046,0.0147,0.0393,0.0986,0.2238,0.3088,0.1922,0.0796,0.0276,0.0077,0.0019,1e-04,0.1131,0.1166,0.106,0.0637,0.1391,0.0517,0.029,0.0857,0.0694,0.0219,0.0126,0.0312,0.0483,0.0241,0.0051,0.0043,0.0089,0.0197,0.0159,0.0048,0.0013,7e-04,0.0018,0.0034,0.0076,0.0038,0.0024,0
"2025-03-15","ESP","Albacete","Malaga",7e-04,0.0012,0.0054,0.0179,0.0687,0.1625,0.2927,0.2388,0.1301,0.0572,0.0177,0.0057,0.0012,0.09,0.0806,0.1241,0.0446,0.1423,0.0842,0.0125,0.0627,0.0889,0.0398,0.0043,0.0204,0.0522,0.0391,0.0125,9e-04,0.0049,0.0176,0.0212,0.0143,0.0048,5e-04,0.001,0.0033,0.0073,0.0055,0.0045,9e-04
"2025-03-15","ESP","Girona","Valencia",3e-04,0.0011,0.0042,0.0246,0.0563,0.154,0.2662,0.2366,0.1547,0.0634,0.0261,0.01,0.0024,0.0701,0.0607,0.1108,0.0271,0.1265,0.0903,0.0189,0.0683,0.0938,0.0397,0.0016,0.0237,0.0568,0.05,0.0174,0.001,0.0055,0.0213,0.0299,0.0213,0.0063,0,0.0025,0.0053,0.0119,0.013,0.008,9e-04
"2025-03-15","FRA","Lens","Rennes",6e-04,0.002,0.0082,0.0246,0.0745,0.1633,0.2895,0.2311,0.1283,0.0535,0.0157,0.0068,0.0019,0.0868,0.0775,0.1026,0.0444,0.1405,0.0725,0.0138,0.0668,0.1001,0.0373,0.0055,0.0262,0.0512,0.0472,0.0109,0.0018,0.0093,0.0161,0.0246,0.0135,0.0064,2e-04,0.0025,0.0036,0.0105,0.0075,0.0041,0.001
"2025-03-15","FRA","Angers","Monaco",0.01,0.0208,0.0472,0.1129,0.1779,0.2471,0.2126,0.1145,0.0391,0.0136,0.0033,7e-04,0,0.0473,0.0985,0.044,0.0972,0.0881,0.0206,0.0638,0.103,0.0525,0.0077,0.0303,0.0586,0.0609,0.014,0.0019,0.0138,0.0403,0.0356,0.015,0.0058,3e-04,0.0054,0.0134,0.019,0.0131,0.0045,9e-04,0
"2025-03-15","FRA","Nantes","Lille",0.0056,0.0144,0.0369,0.0971,0.1746,0.2612,0.2342,0.1221,0.0387,0.0119,0.0026,4e-04,0,0.0716,0.1277,0.0571,0.1098,0.1008,0.0235,0.0625,0.1014,0.0522,0.0077,0.0265,0.0509,0.052,0.0122,0.0017,0.0103,0.0296,0.0267,0.0112,0.0042,2e-04,0.0034,0.0088,0.0124,0.0084,0.0029,6e-04,0
"2025-03-15","FRA","Laval","Paris FC",0.0011,0.0054,0.0165,0.0421,0.1005,0.2214,0.299,0.1898,0.0826,0.03,0.0089,0.0024,1e-04,0.0979,0.1063,0.0969,0.0615,0.1366,0.0506,0.0299,0.0894,0.0726,0.0229,0.0138,0.0344,0.054,0.027,0.0056,0.0051,0.0103,0.0233,0.0193,0.0058,0.0015,9e-04,0.0023,0.0042,0.0095,0.0048,0.003,1e-04
"2025-03-15","FRA","Dunkerque","Metz",0.0046,0.0052,0.0224,0.0602,0.1193,0.2309,0.2722,0.1785,0.0739,0.0229,0.0085,0.0012,1e-04,0.0881,0.1098,0.0881,0.0702,0.1221,0.0451,0.0369,0.0934,0.0692,0.0149,0.017,0.0418,0.0488,0.0225,0.0067,0.0046,0.0194,0.0232,0.0194,0.0077,0.0011,0.0034,0.0043,0.0065,0.0129,0.0062,0.0015,1e-04
"2025-03-15","FRA","Lorient","Bastia",7e-04,4e-04,0.0024,0.0158,0.0431,0.1221,0.2565,0.2544,0.1606,0.0829,0.0422,0.013,0.0061,0.0694,0.0533,0.1154,0.0273,0.1186,0.0934,0.0097,0.0504,0.1032,0.0568,0.0018,0.0125,0.057,0.0564,0.029,4e-04,0.0049,0.0144,0.0308,0.0209,0.0096,5e-04,6e-04,0.003,0.0098,0.0098,0.0118,0.0042
"2025-03-15","GER","Koeln","Darmstadt",9e-04,6e-04,0.0035,0.0196,0.0523,0.1369,0.2626,0.2486,0.1519,0.0731,0.0357,0.0107,0.0035,0.0708,0.0596,0.1082,0.0281,0.121,0.0846,0.013,0.058,0.1037,0.0458,0.0024,0.0187,0.0586,0.056,0.0276,5e-04,0.0061,0.0166,0.0305,0.0227,0.0073,2e-04,0.0011,0.0053,0.0117,0.0096,0.0065,0.0021
"2025-03-15","GER","Werder","Gladbach",7e-04,0.0013,0.013,0.0373,0.0916,0.166,0.2717,0.214,0.1199,0.0576,0.0181,0.0082,5e-04,0.0555,0.0595,0.0764,0.0399,0.1237,0.0582,0.0217,0.0739,0.0943,0.0328,0.0072,0.0417,0.0693,0.0497,0.0113,0.0012,0.0121,0.0291,0.0372,0.0201,0.0066,7e-04,0.0043,0.009,0.0201,0.0112,0.0063,3e-04
"2025-03-15","GER","Duesseldorf","Regensburg",0,4e-04,0.0022,0.0066,0.0279,0.0773,0.1891,0.2676,0.1936,0.1319,0.0628,0.0282,0.0123,0.0465,0.0321,0.1213,0.0135,0.0856,0.1135,0.0048,0.0351,0.1043,0.0859,0.0017,0.0093,0.0484,0.0609,0.0462,4e-04,9e-04,0.0081,0.0359,0.041,0.0207,0,4e-04,0.004,0.008,0.0161,0.0154,0.0072
"2025-03-15","GER","Augsburg","Wolfsburg",7e-04,0.0016,0.007,0.0386,0.0955,0.1968,0.2923,0.2123,0.0985,0.0397,0.0116,0.0045,7e-04,0.0872,0.0872,0.0952,0.0518,0.1317,0.0606,0.0286,0.079,0.0857,0.0288,0.0049,0.0352,0.0602,0.0316,0.0089,0.0013,0.009,0.0259,0.0273,0.0094,0.003,5e-04,0.0019,0.0069,0.0123,0.0054,0.0027,4e-04
"2025-03-15","GER","Mainz","Freiburg",8e-04,0.0013,0.0049,0.0171,0.0669,0.1628,0.2892,0.2382,0.1332,0.059,0.019,0.0063,0.0013,0.0859,0.0793,0.1211,0.0428,0.1391,0.0853,0.0121,0.062,0.0898,0.0398,0.0038,0.0202,0.055,0.0405,0.0126,9e-04,0.0045,0.0198,0.0219,0.0157,0.0052,6e-04,0.001,0.0035,0.0081,0.0057,0.0054,9e-04
"2025-03-15","GER","Paderborn","Lautern",9e-04,0.002,0.0095,0.0256,0.077,0.1569,0.2701,0.2301,0.1333,0.0631,0.0206,0.0086,0.0023,0.0648,0.0644,0.0938,0.0434,0.1329,0.0715,0.0139,0.0688,0.0989,0.0405,0.0066,0.0277,0.0589,0.0502,0.0144,0.0018,0.01,0.0203,0.0304,0.0177,0.0075,5e-04,0.0027,0.0048,0.0123,0.0099,0.0055,0.0014
"2025-03-15","GER","Union Berlin","Bayern",0.019,0.035,0.0753,0.1304,0.205,0.2541,0.1756,0.0731,0.0241,0.0071,8e-04,4e-04,0,0.0523,0.1204,0.0312,0.121,0.0815,0.014,0.081,0.1011,0.031,0.0042,0.0502,0.0693,0.0339,0.0078,7e-04,0.026,0.0388,0.0267,0.0097,0.0025,3e-04,0.0086,0.0213,0.0131,0.007,0.0023,2e-04,0
"2025-03-15","GER","RB Leipzig","Dortmund",0.0016,0.0026,0.0106,0.044,0.1037,0.1922,0.2895,0.2009,0.1018,0.037,0.0112,0.0044,4e-04,0.0725,0.0787,0.0856,0.0549,0.136,0.0561,0.0309,0.0775,0.0825,0.0247,0.0067,0.0365,0.0669,0.036,0.0078,0.0018,0.0106,0.0296,0.0284,0.0102,0.003,0.0013,0.0029,0.0084,0.0131,0.0086,0.0032,4e-04
"2025-03-15","GER","Elversberg","Muenster",8e-04,6e-04,0.0033,0.019,0.0515,0.1381,0.2681,0.2505,0.1505,0.0708,0.0339,0.0097,0.0031,0.077,0.0627,0.114,0.0286,0.1236,0.0865,0.0129,0.0575,0.1027,0.0456,0.0024,0.0179,0.0564,0.054,0.0267,5e-04,0.0057,0.0154,0.0284,0.0212,0.0068,2e-04,9e-04,0.0048,0.0106,0.0086,0.0059,0.002
"2025-03-15","ISR","M Tel Aviv","Hapoel Haifa",2e-04,4e-04,0.0034,0.0147,0.0439,0.1182,0.2406,0.2522,0.1705,0.0875,0.0454,0.0149,0.0082,0.0624,0.0502,0.1108,0.0262,0.109,0.0953,0.009,0.0463,0.1044,0.0575,0.0023,0.0142,0.0567,0.061,0.0273,4e-04,0.0047,0.0169,0.0314,0.0243,0.0116,2e-04,0.0011,0.0033,0.0107,0.0134,0.0161,0.0051
"2025-03-15","ISR","Beer-Sheva","Netanya",0,0.001,0.0039,0.0121,0.0369,0.1157,0.2266,0.2509,0.1824,0.0965,0.0473,0.0173,0.0092,0.0628,0.0519,0.1167,0.02,0.1025,0.1104,0.0072,0.0446,0.1,0.0628,0.0027,0.0144,0.0507,0.0562,0.0303,7e-04,0.0037,0.0161,0.0283,0.0291,0.0135,0,0.0012,0.0023,0.0098,0.0151,0.016,0.0051
"2025-03-15","ISR","Hapoel Jerusalem","Bnei Sakhinin",4e-04,0.0015,0.0064,0.0199,0.0716,0.1661,0.3114,0.237,0.1213,0.0458,0.012,0.0054,0.0011,0.1162,0.0915,0.1226,0.0485,0.1471,0.0767,0.0122,0.0618,0.0943,0.0342,0.0047,0.0209,0.0413,0.039,0.0091,0.0014,0.0069,0.0113,0.0179,0.0099,0.0051,1e-04,0.0017,0.002,0.0066,0.0051,0.0026,6e-04
"2025-03-15","ISR","Kiryat Shmona","M Petach Tikva",6e-04,0.0016,0.0076,0.0221,0.074,0.1622,0.2927,0.2353,0.1271,0.0532,0.0155,0.0065,0.0015,0.0917,0.0798,0.1123,0.0469,0.1432,0.076,0.0131,0.0655,0.0966,0.0376,0.0055,0.0237,0.0488,0.0434,0.0115,0.0015,0.008,0.0148,0.0226,0.0129,0.006,3e-04,0.002,0.003,0.0085,0.0067,0.0036,9e-04
"2025-03-15","ISR","Ironi Tiberias","Hapoel Eran Hadera",4e-04,9e-04,0.0071,0.0273,0.0776,0.1731,0.3089,0.2257,0.1146,0.0475,0.0121,0.004,6e-04,0.101,0.086,0.1132,0.0429,0.1471,0.0711,0.0187,0.0689,0.0891,0.0336,0.0051,0.0304,0.0505,0.0381,0.0084,9e-04,0.0073,0.0168,0.0218,0.0122,0.0034,4e-04,0.0015,0.0042,0.0094,0.0051,0.0034,5e-04
"2025-03-15","ITA","Bari","Salernitana",5e-04,0.0012,0.0067,0.02,0.0725,0.1629,0.3007,0.2383,0.1241,0.052,0.0148,0.0052,0.0012,0.1005,0.0841,0.1243,0.0479,0.1469,0.0794,0.0129,0.0639,0.0909,0.038,0.0052,0.0214,0.0461,0.0387,0.0114,0.0011,0.0064,0.0134,0.0199,0.0117,0.0048,3e-04,0.0014,0.0027,0.0066,0.0054,0.003,8e-04
"2025-03-15","ITA","Milan","Como",0,0.0015,0.003,0.0112,0.0342,0.1027,0.2088,0.2535,0.1898,0.106,0.0541,0.0233,0.0117,0.0518,0.0431,0.1118,0.0169,0.0952,0.1109,0.0068,0.0431,0.1026,0.0719,0.0025,0.0142,0.0508,0.0606,0.0376,8e-04,0.0029,0.0141,0.0328,0.0296,0.0163,0,5e-04,0.0028,0.0099,0.0169,0.015,0.0068
"2025-03-15","ITA","Torino","Empoli",3e-04,2e-04,0.002,0.0132,0.0428,0.1249,0.2768,0.2661,0.1564,0.0721,0.0321,0.009,0.0039,0.0965,0.0652,0.1424,0.0299,0.1262,0.1011,0.0091,0.0464,0.0985,0.0539,0.0015,0.0107,0.0471,0.0482,0.0233,2e-04,0.0035,0.0108,0.0224,0.0154,0.0072,2e-04,5e-04,0.002,0.0063,0.0067,0.0081,0.0028
"2025-03-15","ITA","Udinese","Verona",2e-04,4e-04,0.003,0.0206,0.0591,0.1439,0.2667,0.2571,0.1479,0.0619,0.0265,0.0102,0.0024,0.075,0.066,0.1172,0.0318,0.127,0.0858,0.0139,0.0595,0.1055,0.0378,0.0018,0.0216,0.054,0.0506,0.0205,3e-04,0.0063,0.016,0.0299,0.0199,0.0068,0,0.0011,0.0054,0.0103,0.0099,0.0049,0.0013
"2025-03-15","ITA","Monza","Parma",5e-04,0.0012,0.008,0.0292,0.0786,0.1705,0.2962,0.222,0.1196,0.0534,0.0149,0.0044,0.0013,0.084,0.0771,0.1014,0.0399,0.1423,0.0694,0.0188,0.071,0.0922,0.0367,0.0056,0.0328,0.0569,0.0433,0.0098,0.0011,0.0087,0.0201,0.0261,0.0144,0.0038,4e-04,0.0018,0.0057,0.0119,0.0064,0.0046,0.001
"2025-03-15","ITA","Juve Stabia","Modena",4e-04,9e-04,0.0076,0.0283,0.0793,0.1726,0.3051,0.225,0.1151,0.0482,0.0125,0.0043,6e-04,0.0963,0.0836,0.11,0.043,0.1458,0.0703,0.0191,0.0699,0.0901,0.0334,0.0054,0.0316,0.052,0.0391,0.0086,9e-04,0.0077,0.0177,0.0229,0.0128,0.0037,4e-04,0.0017,0.0045,0.0101,0.0055,0.0036,5e-04
"2025-03-15","ITA","Cesena","Spezia",9e-04,0.0052,0.0159,0.0427,0.099,0.2193,0.2995,0.1923,0.0834,0.0303,0.0091,0.0023,1e-04,0.0966,0.1043,0.0968,0.0597,0.1372,0.0503,0.0303,0.0893,0.0735,0.023,0.0132,0.0344,0.0551,0.0275,0.006,0.0049,0.0105,0.0228,0.0207,0.0062,0.0014,7e-04,0.0023,0.0044,0.0093,0.0053,0.0029,1e-04
"2025-03-15","ITA","Cittadella","Sassuolo",0.0073,0.0177,0.0391,0.1037,0.1778,0.2589,0.2258,0.1163,0.0387,0.0117,0.0025,5e-04,0,0.0618,0.1214,0.0524,0.1081,0.0964,0.0228,0.0642,0.1032,0.0493,0.0069,0.0269,0.0537,0.055,0.0124,0.0015,0.0133,0.0336,0.0282,0.0123,0.0046,2e-04,0.0042,0.0103,0.0139,0.0108,0.0035,8e-04,0
"2025-03-15","ITA","Frosinone","Brescia",7e-04,0.0012,0.0051,0.0174,0.0679,0.1629,0.2935,0.2393,0.1305,0.0569,0.0177,0.0057,0.0012,0.0912,0.0815,0.1252,0.0443,0.142,0.085,0.0123,0.0621,0.0886,0.0395,0.0041,0.02,0.0521,0.0388,0.0123,9e-04,0.0047,0.0177,0.0208,0.0143,0.0048,5e-04,9e-04,0.0032,0.0073,0.0053,0.0045,9e-04
"2025-03-15","NED","Utrecht","Nijmegen",0.0013,5e-04,0.0026,0.0183,0.0425,0.1196,0.2422,0.244,0.1605,0.0916,0.0513,0.0172,0.0083,0.0512,0.0437,0.0935,0.0243,0.1096,0.0845,0.0099,0.0528,0.1034,0.0574,0.0019,0.0135,0.0649,0.0614,0.034,5e-04,0.0064,0.0173,0.0389,0.0261,0.0116,8e-04,7e-04,0.0041,0.0138,0.0127,0.0151,0.0056
"2025-03-15","NED","Sparta Rotterdam","Zwolle",8e-04,0.0013,0.0043,0.0161,0.0652,0.1637,0.2909,0.2391,0.1339,0.0584,0.0188,0.0062,0.0013,0.0885,0.0812,0.1234,0.0423,0.1387,0.087,0.0118,0.0607,0.0892,0.0394,0.0033,0.0194,0.0547,0.0398,0.0122,9e-04,0.004,0.02,0.0211,0.0156,0.0051,6e-04,9e-04,0.0033,0.008,0.0054,0.0055,9e-04
"2025-03-15","NED","Waalwijk","PSV",0.0638,0.0696,0.1013,0.164,0.2227,0.1872,0.1175,0.052,0.016,0.0036,7e-04,0.0017,0,0.022,0.0662,0.0177,0.0997,0.0534,0.0083,0.0873,0.079,0.0214,0.0016,0.057,0.0847,0.0315,0.006,7e-04,0.0447,0.0597,0.0352,0.0102,0.0013,2e-04,0.0228,0.0338,0.0318,0.0093,0.0016,1e-04,0
"2025-03-15","NED","Heerenveen","Heracles",4e-04,0.0013,0.0051,0.0259,0.0587,0.1518,0.2528,0.2295,0.1582,0.0691,0.0306,0.013,0.0034,0.0555,0.0522,0.0953,0.0253,0.118,0.0841,0.019,0.0691,0.0953,0.0402,0.0018,0.026,0.0625,0.0551,0.0193,0.0011,0.0066,0.0253,0.0358,0.0255,0.0075,1e-04,0.0033,0.0069,0.0154,0.0168,0.0103,0.0011
"2025-03-15","POL","Gornik","Motor Lublin",0.0015,8e-04,0.0039,0.0189,0.0474,0.1325,0.2597,0.2422,0.1544,0.0808,0.0423,0.011,0.0044,0.0677,0.0552,0.102,0.0255,0.1168,0.0836,0.0126,0.0572,0.1019,0.0511,0.0029,0.0166,0.0618,0.0597,0.0325,7e-04,0.0059,0.0171,0.0309,0.0248,0.0076,4e-04,0.001,0.0052,0.0128,0.0093,0.0078,0.0028
"2025-03-15","POL","Stal Mielec","Slask",3e-04,0.0013,0.0065,0.0258,0.0717,0.1716,0.3065,0.2239,0.1199,0.053,0.0145,0.0031,0.0018,0.0958,0.0838,0.1098,0.0381,0.1469,0.0729,0.0172,0.0682,0.0895,0.0391,0.0048,0.0284,0.0534,0.0414,0.0098,0.0012,0.0074,0.0175,0.0227,0.0123,0.0029,3e-04,0.0012,0.0051,0.0096,0.0051,0.0041,0.0013
"2025-03-15","POL","Widzew","Katowice",2e-04,8e-04,0.0102,0.0322,0.0897,0.1769,0.2993,0.2184,0.1084,0.044,0.0138,0.0057,4e-04,0.0889,0.0832,0.0992,0.0502,0.1353,0.0606,0.0235,0.0696,0.0872,0.0297,0.006,0.032,0.0623,0.04,0.0107,7e-04,0.0076,0.0217,0.0266,0.0124,0.0051,2e-04,0.0039,0.0064,0.0117,0.007,0.0029,1e-04
"2025-03-15","POR","Porto","AVS Futebol",0,0,1e-04,0.0032,0.0108,0.0498,0.1428,0.2682,0.2246,0.1519,0.0903,0.0401,0.0181,0.0417,0.0227,0.1351,0.0081,0.0709,0.14,0.0021,0.0199,0.1053,0.1082,1e-04,0.0027,0.0251,0.0702,0.0685,0,7e-04,0.0063,0.0234,0.0369,0.0326,0,0,1e-04,0.005,0.0131,0.0201,0.0105
"2025-03-15","POR","Sporting","Famalicao",0,0,2e-04,0.0027,0.0163,0.0598,0.1573,0.2575,0.2162,0.1489,0.0851,0.0365,0.0195,0.0394,0.0272,0.1133,0.009,0.0766,0.1227,0.0013,0.0256,0.1076,0.0996,2e-04,0.0059,0.0336,0.074,0.0628,0,0.001,0.0067,0.0305,0.0379,0.028,0,0,0.0014,0.0072,0.0184,0.0205,0.0106
"2025-03-15","POR","Farense","Braga",0.0074,0.0236,0.0407,0.099,0.1839,0.2582,0.229,0.1054,0.0405,0.0087,0.0031,4e-04,0,0.0629,0.1261,0.0491,0.1102,0.101,0.0245,0.0626,0.1027,0.0413,0.0049,0.0274,0.0588,0.0508,0.0123,0.0016,0.0197,0.0312,0.0248,0.0119,0.0033,1e-04,0.004,0.0118,0.0133,0.0132,0.0036,0.0015,0
"2025-03-15","POR","Gil Vicente","Santa Clara",3e-04,9e-04,0.0065,0.0259,0.0747,0.1736,0.314,0.2265,0.1143,0.0471,0.0118,0.0034,8e-04,0.1073,0.0892,0.1172,0.0422,0.1488,0.0724,0.018,0.0674,0.0875,0.0343,0.0048,0.0285,0.0487,0.037,0.0083,9e-04,0.0068,0.0157,0.0203,0.0113,0.0031,3e-04,0.0013,0.004,0.0085,0.0045,0.0032,6e-04
"2025-03-15","ROM","CFR Cluj","Dinamo Bucuresti",1e-04,3e-04,0.0029,0.0133,0.0432,0.1209,0.2552,0.2606,0.1673,0.0804,0.038,0.0119,0.0059,0.0789,0.0583,0.1287,0.0279,0.1161,0.1018,0.0088,0.0453,0.1022,0.0563,0.002,0.0128,0.0509,0.0548,0.0246,3e-04,0.0039,0.0139,0.0259,0.0201,0.0096,1e-04,9e-04,0.0025,0.0081,0.0102,0.0122,0.0039
"2025-03-15","ROM","Viitorul","Iasi",0.0012,6e-04,0.0025,0.0168,0.0417,0.1298,0.2711,0.2494,0.1522,0.0796,0.0404,0.0105,0.0041,0.0783,0.0584,0.1161,0.026,0.1247,0.0914,0.0109,0.0555,0.0997,0.0547,0.002,0.0123,0.0573,0.0524,0.0317,5e-04,0.0051,0.0132,0.0283,0.0205,0.0075,6e-04,5e-04,0.0032,0.0097,0.0072,0.0076,0.003
"2025-03-15","SCO","Hearts","Ross County",5e-04,4e-04,0.0027,0.0157,0.0443,0.12,0.2494,0.2537,0.1642,0.0845,0.0437,0.0139,0.007,0.0651,0.0511,0.112,0.0274,0.1144,0.0923,0.0096,0.0486,0.1045,0.057,0.0019,0.0133,0.0577,0.0597,0.0283,3e-04,0.005,0.0156,0.0319,0.0219,0.0104,4e-04,8e-04,0.0033,0.0104,0.0113,0.0137,0.0047
"2025-03-15","SCO","Motherwell","St Mirren",5e-04,0.0013,0.0083,0.0298,0.0789,0.1697,0.2927,0.2209,0.1209,0.055,0.0158,0.0045,0.0015,0.0795,0.0746,0.098,0.039,0.1405,0.0687,0.0188,0.0714,0.0929,0.0374,0.0057,0.0335,0.0587,0.0448,0.0102,0.0012,0.0091,0.0211,0.0274,0.0151,0.004,4e-04,0.0019,0.0062,0.0128,0.0069,0.005,0.0011
"2025-03-15","SCO","Kilmarnock","Hibernian",0.0011,0.0019,0.0085,0.0399,0.0987,0.1934,0.3059,0.205,0.0985,0.0337,0.0094,0.0034,3e-04,0.0921,0.0902,0.0991,0.0579,0.144,0.0595,0.0297,0.0748,0.0799,0.024,0.0058,0.0323,0.0596,0.0319,0.0069,0.0015,0.0085,0.024,0.0232,0.0083,0.0024,9e-04,0.0021,0.0062,0.0097,0.0063,0.0024,3e-04
"2025-03-15","SCO","St Johnstone","Aberdeen",7e-04,0.0031,0.0121,0.0501,0.1017,0.2127,0.2906,0.2055,0.0838,0.0281,0.0097,0.0019,0,0.0921,0.1082,0.1066,0.0606,0.138,0.0499,0.0363,0.0824,0.0746,0.0209,0.0091,0.0342,0.052,0.0266,0.0074,0.0028,0.0123,0.018,0.0215,0.0065,0.0017,3e-04,0.0024,0.0055,0.007,0.0066,0.0021,0
"2025-03-15","SRB","Tekstilac Odzaci","IMT",0.0012,0.002,0.0101,0.0425,0.1008,0.2038,0.2997,0.2024,0.0944,0.0312,0.009,0.0027,2e-04,0.0924,0.1027,0.102,0.0612,0.144,0.0575,0.032,0.0757,0.0787,0.0228,0.0067,0.0319,0.0535,0.0303,0.007,0.0016,0.009,0.0214,0.0196,0.0073,0.0021,9e-04,0.0024,0.0059,0.009,0.0058,0.0019,2e-04
"2025-03-15","SUI","Servette","Yverdon Sport",0,5e-04,0.0023,0.0064,0.0285,0.0808,0.1983,0.2712,0.194,0.1222,0.0587,0.0258,0.0112,0.0525,0.0353,0.1281,0.0148,0.0897,0.1182,0.0049,0.0361,0.1059,0.083,0.0019,0.0099,0.048,0.0585,0.0427,5e-04,8e-04,0.0079,0.0323,0.0343,0.0187,0,4e-04,0.0031,0.0075,0.0151,0.0145,0.0068
"2025-03-15","SUI","Zuerich","Luzern",7e-04,0.0021,0.0086,0.0255,0.075,0.1624,0.2852,0.23,0.1295,0.055,0.0165,0.0072,0.0021,0.0816,0.0746,0.0988,0.0437,0.1386,0.0715,0.0139,0.0675,0.1009,0.0377,0.0057,0.0272,0.053,0.0487,0.0112,0.002,0.0099,0.0171,0.0261,0.0143,0.0068,2e-04,0.0027,0.004,0.0114,0.0081,0.0045,0.0011
"2025-03-15","SUI","StGallen","Lausanne",9e-04,0.0016,0.0049,0.0213,0.0623,0.1571,0.2654,0.2316,0.1479,0.0674,0.0268,0.0102,0.0024,0.0629,0.0617,0.1014,0.0327,0.125,0.0839,0.0154,0.0659,0.0937,0.0406,0.0027,0.0237,0.063,0.0498,0.0162,0.0011,0.0055,0.0258,0.0304,0.0223,0.0069,5e-04,0.0021,0.0055,0.013,0.0114,0.009,0.0011
"2025-03-15","SVN","Mura","Primorje",6e-04,0.0013,0.0074,0.0215,0.0742,0.1607,0.2894,0.236,0.1274,0.0568,0.0171,0.006,0.0014,0.0859,0.0767,0.1156,0.0467,0.1436,0.0782,0.0135,0.0662,0.0927,0.0399,0.0058,0.0233,0.0512,0.0418,0.0129,0.0012,0.0072,0.0159,0.0232,0.0138,0.0053,5e-04,0.0016,0.0034,0.0079,0.0066,0.0038,0.001
"2025-03-15","SVN","Radomlje","Olimpija Ljubljana",0.0079,0.017,0.0448,0.0995,0.1844,0.2655,0.2291,0.106,0.0359,0.008,0.0014,1e-04,0,0.0748,0.1369,0.0578,0.1097,0.1009,0.0223,0.0653,0.0998,0.0365,0.0057,0.0323,0.0609,0.0429,0.0113,7e-04,0.0142,0.0302,0.0254,0.0104,0.002,1e-04,0.0045,0.0109,0.0122,0.0092,0.0023,7e-04,0
"2025-03-15","TUR","Kasimpasa","Alanyaspor",0.0014,0.0021,0.0079,0.0226,0.0732,0.1553,0.2591,0.2267,0.1384,0.073,0.0274,0.0102,0.0026,0.0511,0.0564,0.0868,0.0385,0.1227,0.0725,0.0133,0.0667,0.0944,0.0423,0.0057,0.0268,0.0683,0.0512,0.0164,0.0014,0.008,0.0283,0.0342,0.0231,0.0078,0.0011,0.002,0.0065,0.0145,0.0109,0.0089,0.0018
"2025-03-15","TUR","Konyaspor","Besiktas",0.0015,0.0065,0.0189,0.0466,0.1062,0.2212,0.2854,0.186,0.083,0.0311,0.0103,0.0029,1e-04,0.0845,0.1001,0.0906,0.0624,0.1311,0.049,0.0316,0.0913,0.0735,0.023,0.0154,0.038,0.0571,0.0283,0.006,0.0059,0.0126,0.0268,0.0205,0.0061,0.0019,0.0013,0.0028,0.0052,0.0117,0.0055,0.0038,1e-04
"2025-03-15","TUR","Bueyueksehir","Trabzonspor",9e-04,0.0015,0.0058,0.0188,0.0694,0.1608,0.2814,0.2352,0.1341,0.0624,0.0208,0.0071,0.0016,0.076,0.0731,0.1122,0.0425,0.1366,0.082,0.0127,0.0641,0.0918,0.0409,0.0045,0.0222,0.0582,0.0433,0.0137,0.001,0.0055,0.0214,0.0249,0.0172,0.0058,7e-04,0.0012,0.0041,0.0094,0.0069,0.0059,0.0011
"2025-03-15","TUR","Gaziantep FK","Kayseri",2e-04,8e-04,0.0037,0.0231,0.0588,0.1472,0.2608,0.2453,0.1527,0.0652,0.028,0.0113,0.0028,0.0664,0.0599,0.1078,0.0289,0.1237,0.0858,0.0163,0.0641,0.1011,0.039,0.0018,0.0235,0.0576,0.0526,0.02,6e-04,0.0065,0.0197,0.0323,0.0222,0.0071,0,0.0019,0.006,0.0123,0.0125,0.0069,0.0012
"2025-03-15","UKR","Kryvbas","Livyi Bereh",7e-04,4e-04,0.0021,0.0148,0.0404,0.1334,0.2904,0.2563,0.1472,0.0706,0.0331,0.0076,0.0027,0.1021,0.0686,0.1362,0.0275,0.1318,0.0966,0.0104,0.0529,0.0949,0.0521,0.0017,0.0106,0.0491,0.045,0.0272,4e-04,0.0039,0.0102,0.0218,0.0159,0.0058,4e-04,4e-04,0.0022,0.0068,0.005,0.0053,0.0021
"2025-03-15","UKR","Rukh Lviv","Vorskla",1e-04,6e-04,0.0027,0.0204,0.0533,0.1533,0.2892,0.2538,0.1448,0.0535,0.0201,0.0066,0.0014,0.0999,0.0763,0.138,0.0308,0.1357,0.095,0.016,0.0612,0.0923,0.0367,0.0014,0.0189,0.0461,0.0415,0.0154,5e-04,0.0042,0.014,0.0217,0.0151,0.0047,0,0.0013,0.0034,0.0072,0.0075,0.0043,7e-04
"2025-03-16","AUT","Rapid Wien","GAK",0,0.001,0.0031,0.0084,0.0325,0.0913,0.2044,0.2584,0.1939,0.1085,0.0583,0.0267,0.0135,0.0498,0.038,0.113,0.0164,0.0914,0.1138,0.0058,0.0405,0.1075,0.0745,0.0026,0.0134,0.0524,0.0605,0.039,8e-04,0.0015,0.0112,0.0323,0.0278,0.0179,0,4e-04,0.0024,0.0095,0.0181,0.017,0.008
"2025-03-16","AUT","Sturm Graz","LASK",5e-04,4e-04,0.0025,0.0155,0.0438,0.1211,0.2538,0.255,0.1625,0.083,0.0422,0.0131,0.0064,0.0687,0.0529,0.1155,0.0276,0.1169,0.0935,0.0096,0.0492,0.1038,0.0568,0.0018,0.0128,0.0567,0.0577,0.0282,4e-04,0.0048,0.0148,0.0308,0.021,0.0099,4e-04,7e-04,0.0031,0.0098,0.0104,0.0125,0.0044
"2025-03-16","AUT","Salzburg","Wolfsberg",0.0016,8e-04,0.0041,0.0197,0.0491,0.1318,0.2536,0.2407,0.1553,0.0823,0.0437,0.0123,0.0049,0.061,0.0522,0.096,0.0251,0.1137,0.081,0.0128,0.0576,0.1028,0.0502,0.0029,0.0179,0.0638,0.0616,0.0329,7e-04,0.0065,0.0184,0.0335,0.0265,0.0082,4e-04,0.0012,0.0059,0.0141,0.0106,0.0085,0.003
"2025-03-16","AUT","Wattens","Austria Wien",0.0045,0.0139,0.0417,0.0876,0.1687,0.248,0.2428,0.1293,0.0444,0.0138,0.0038,7e-04,5e-04,0.0755,0.1128,0.0585,0.0983,0.1093,0.0259,0.0595,0.0998,0.0557,0.0087,0.0301,0.0585,0.0457,0.0145,0.0024,0.0102,0.0228,0.0298,0.013,0.0042,7e-04,0.0026,0.0093,0.0112,0.0106,0.0039,9e-04,5e-04
"2025-03-16","AUT","Klagenfurt","Altach",5e-04,0.0016,0.0074,0.0218,0.0737,0.1626,0.2947,0.2357,0.1264,0.0525,0.0151,0.0063,0.0014,0.0942,0.081,0.114,0.0472,0.1439,0.0764,0.013,0.0652,0.0961,0.0374,0.0054,0.0233,0.048,0.0427,0.0113,0.0014,0.0078,0.0144,0.022,0.0125,0.0058,2e-04,0.002,0.0029,0.0082,0.0065,0.0034,8e-04
"2025-03-16","AUT","BW Linz","Hartberg",0.0011,0.0018,0.0086,0.0399,0.0986,0.1952,0.3066,0.205,0.0975,0.033,0.0092,0.0032,3e-04,0.0943,0.0933,0.1009,0.0587,0.1447,0.0595,0.0299,0.0746,0.0793,0.0237,0.0059,0.0318,0.0578,0.0313,0.0068,0.0015,0.0084,0.0231,0.0221,0.0079,0.0023,9e-04,0.0021,0.006,0.0093,0.0061,0.0023,3e-04
"2025-03-16","BEL","Anderlecht","Cercle Brugge",9e-04,4e-04,0.0019,0.0159,0.0411,0.1255,0.2676,0.2549,0.1548,0.0804,0.0401,0.0117,0.0047,0.0762,0.0567,0.1202,0.0269,0.1251,0.0948,0.0098,0.0532,0.1008,0.0563,0.0015,0.0113,0.056,0.0512,0.03,4e-04,0.0049,0.0125,0.0292,0.0194,0.0084,6e-04,4e-04,0.0026,0.009,0.0077,0.0092,0.0035
"2025-03-16","BEL","Standard","Antwerp",8e-04,0.0047,0.0148,0.0431,0.0985,0.2188,0.3011,0.1953,0.0823,0.0294,0.0089,0.0021,0,0.1002,0.1072,0.1009,0.0601,0.138,0.0503,0.031,0.0878,0.0727,0.0225,0.0124,0.0336,0.0534,0.0265,0.006,0.0045,0.0104,0.0211,0.0202,0.006,0.0014,5e-04,0.0022,0.0043,0.0083,0.0052,0.0027,0
"2025-03-16","BEL","Gent","Kortrijk",0,0,9e-04,0.0038,0.0218,0.0639,0.177,0.2762,0.208,0.1363,0.0691,0.0283,0.0147,0.0502,0.0264,0.1288,0.0106,0.0794,0.1252,0.003,0.0288,0.1082,0.0974,8e-04,0.0089,0.0395,0.0658,0.0463,0,8e-04,0.008,0.0342,0.0323,0.0237,0,1e-04,0.0022,0.0072,0.0155,0.0208,0.0087
"2025-03-16","BEL","Brugge","Charleroi",0,0,0.0011,0.0038,0.0221,0.0644,0.1764,0.2751,0.208,0.1361,0.0692,0.0287,0.0149,0.0491,0.0266,0.1267,0.011,0.0796,0.1245,0.003,0.0289,0.1086,0.0968,0.001,0.0088,0.0397,0.0665,0.0464,0,8e-04,0.0081,0.0345,0.0327,0.0239,0,1e-04,0.0022,0.0074,0.0154,0.0207,0.0088
"2025-03-16","BEL","Mechelen","Dender",2e-04,4e-04,0.0033,0.0154,0.0449,0.1177,0.2395,0.2511,0.1693,0.0877,0.0467,0.0153,0.0085,0.0592,0.0482,0.1067,0.0267,0.1083,0.0916,0.0094,0.0466,0.1053,0.0574,0.0022,0.0144,0.0585,0.0632,0.0278,3e-04,0.005,0.0174,0.0333,0.0242,0.0117,2e-04,0.0011,0.0037,0.0113,0.0137,0.0165,0.0054
"2025-03-16","BEL","Beerschot AC","Westerlo",0.0024,0.0087,0.0235,0.0535,0.112,0.2175,0.2666,0.1788,0.085,0.0342,0.0133,0.0041,3e-04,0.063,0.0848,0.0764,0.0594,0.1208,0.0453,0.0332,0.0939,0.0753,0.0233,0.018,0.0441,0.0644,0.0319,0.0068,0.0075,0.0166,0.0342,0.025,0.0074,0.0025,0.002,0.0039,0.0073,0.0166,0.0075,0.0054,1e-04
"2025-03-16","BEL","Leuven","St Truiden",5e-04,0.0014,0.007,0.0207,0.0731,0.1627,0.2979,0.2372,0.1252,0.0524,0.015,0.0057,0.0013,0.0973,0.0826,0.1199,0.0476,0.1457,0.0782,0.013,0.0645,0.0929,0.0379,0.0053,0.0222,0.0471,0.0403,0.0115,0.0012,0.0069,0.0139,0.0208,0.0121,0.0052,3e-04,0.0016,0.0028,0.0072,0.0058,0.0032,8e-04
"2025-03-16","BUL","Spartak Varna","Septemvri Sofia",6e-04,0.0018,0.008,0.0231,0.0746,0.1618,0.2896,0.2342,0.1283,0.0535,0.0157,0.007,0.0016,0.0886,0.0781,0.1076,0.0465,0.1415,0.0746,0.0131,0.0661,0.0989,0.0374,0.0056,0.0246,0.0497,0.0454,0.0114,0.0017,0.0087,0.0152,0.0236,0.0133,0.0065,2e-04,0.0023,0.0031,0.0094,0.0073,0.0038,9e-04
"2025-03-16","BUL","Botev Plovdiv","CSKA 1948 Sofia",4e-04,0.0015,0.0066,0.0218,0.0714,0.1673,0.3079,0.2331,0.1222,0.0484,0.0129,0.005,0.0014,0.108,0.0884,0.1168,0.0453,0.1467,0.0754,0.0135,0.0639,0.0943,0.0359,0.0048,0.0232,0.0452,0.0408,0.0095,0.0014,0.0073,0.0131,0.0197,0.0108,0.0048,1e-04,0.0017,0.0029,0.0077,0.0053,0.0031,8e-04
"2025-03-16","BUL","Arda","Levski",0.0031,0.005,0.0196,0.0532,0.114,0.2317,0.2817,0.1841,0.0734,0.0236,0.0086,0.0018,1e-04,0.0968,0.117,0.0977,0.0703,0.1267,0.0471,0.0349,0.0901,0.0687,0.0164,0.0157,0.038,0.0469,0.0216,0.0061,0.0044,0.0155,0.0216,0.0166,0.0061,0.0014,0.0026,0.0031,0.005,0.011,0.0047,0.002,0
"2025-03-16","CRO","Rijeka","Hajduk",2e-04,0.0011,0.0053,0.0229,0.067,0.1736,0.3214,0.2269,0.1163,0.0491,0.0123,0.0023,0.0015,0.1151,0.0932,0.122,0.0384,0.1514,0.0754,0.0161,0.0646,0.0851,0.038,0.0042,0.0246,0.0472,0.0367,0.0088,0.001,0.006,0.0142,0.0184,0.01,0.0022,2e-04,8e-04,0.0039,0.0072,0.0038,0.0032,0.0011
"2025-03-16","CRO","Osijek","Varazdin",6e-04,0.001,0.0033,0.0148,0.0614,0.1653,0.3032,0.2438,0.1319,0.0526,0.016,0.0051,9e-04,0.1065,0.0898,0.1379,0.0418,0.1416,0.091,0.0116,0.0578,0.085,0.0373,0.0026,0.0169,0.0483,0.0355,0.0109,7e-04,0.0031,0.0165,0.0173,0.013,0.0042,4e-04,7e-04,0.0025,0.0062,0.0043,0.0043,6e-04
"2025-03-16","CZE","Viktoria Plzen","Banik Ostrava",7e-04,4e-04,0.0022,0.0157,0.0425,0.1231,0.2603,0.255,0.1588,0.0818,0.0412,0.0125,0.0056,0.0721,0.0547,0.1177,0.0273,0.1208,0.0941,0.0097,0.0511,0.1024,0.0566,0.0017,0.0121,0.0564,0.0546,0.0291,4e-04,0.0049,0.0137,0.0301,0.0203,0.0092,5e-04,5e-04,0.0029,0.0094,0.0091,0.0109,0.004
"2025-03-16","CZE","Slavia Praha","Jablonec",0,0,3e-04,0.003,0.0182,0.0617,0.169,0.2692,0.2129,0.1422,0.0764,0.031,0.0161,0.0471,0.0274,0.1257,0.0092,0.079,0.1265,0.002,0.027,0.1075,0.0996,2e-04,0.0073,0.0354,0.0686,0.0548,0,9e-04,0.007,0.031,0.034,0.025,0,0,0.0017,0.0067,0.0167,0.0199,0.0092
"2025-03-16","CZE","Sigma Olomouc","Hradec Kralove",5e-04,0.0015,0.0071,0.0211,0.0732,0.1631,0.298,0.2365,0.1253,0.0516,0.0147,0.0059,0.0013,0.0981,0.083,0.1175,0.0475,0.1451,0.0772,0.0129,0.0645,0.0947,0.0372,0.0053,0.0226,0.0468,0.0413,0.011,0.0013,0.0073,0.0137,0.021,0.012,0.0055,2e-04,0.0018,0.0027,0.0076,0.006,0.0032,8e-04
"2025-03-16","CZE","Ceske Budejovice","Karvina",0.0042,0.0082,0.0253,0.0611,0.1202,0.2229,0.2578,0.1755,0.0787,0.0298,0.0126,0.0033,3e-04,0.0647,0.0919,0.0788,0.065,0.1167,0.044,0.0363,0.0941,0.0727,0.0194,0.0191,0.046,0.0584,0.0276,0.007,0.0067,0.0203,0.032,0.0221,0.0074,0.0024,0.0035,0.0045,0.0077,0.0173,0.007,0.0043,0
"2025-03-16","DEN","Vejle","Aarhus",0.0043,0.0143,0.0411,0.0871,0.1706,0.2503,0.2437,0.1277,0.0431,0.0129,0.0038,6e-04,4e-04,0.0775,0.1172,0.0581,0.1013,0.1093,0.0256,0.0587,0.0993,0.0555,0.0085,0.0298,0.0569,0.0462,0.0141,0.0024,0.0102,0.0233,0.0286,0.0122,0.0037,5e-04,0.0025,0.0092,0.0116,0.0091,0.0034,9e-04,4e-04
"2025-03-16","DEN","Lyngby","Nordsjaelland",0.0047,0.0148,0.0426,0.0888,0.1705,0.2481,0.2404,0.1276,0.0438,0.0135,0.004,7e-04,4e-04,0.0735,0.1123,0.0567,0.0989,0.108,0.0254,0.0593,0.0999,0.0558,0.0086,0.0305,0.0587,0.0469,0.0145,0.0025,0.0105,0.0239,0.0301,0.013,0.004,6e-04,0.0027,0.0097,0.012,0.0102,0.0038,0.001,4e-04
"2025-03-16","DEN","Brondby","Silkeborg",4e-04,7e-04,0.0041,0.0239,0.0621,0.14,0.2445,0.2435,0.155,0.0725,0.0335,0.0157,0.0041,0.0507,0.0508,0.0907,0.0276,0.1132,0.0773,0.015,0.0621,0.1056,0.0388,0.0021,0.0255,0.0634,0.0589,0.0234,5e-04,0.0083,0.0224,0.0398,0.0268,0.009,0,0.002,0.0082,0.016,0.0157,0.0081,0.0018
"2025-03-16","DEN","Viborg","FC Kobenhavn",0.0053,0.0104,0.0331,0.0744,0.1479,0.2359,0.2664,0.1411,0.0574,0.0225,0.0043,0.0013,0,0.0774,0.1076,0.0653,0.0846,0.119,0.0306,0.0486,0.0936,0.0548,0.0138,0.0233,0.0501,0.0554,0.0211,0.0032,0.0069,0.0212,0.0286,0.0176,0.0079,5e-04,0.0022,0.0083,0.0122,0.0134,0.0052,8e-04,0
"2025-03-16","DEN","Midtjylland","Randers",0.0017,8e-04,0.0041,0.0191,0.0473,0.1313,0.2558,0.2402,0.1554,0.0831,0.0444,0.0117,0.0049,0.0635,0.0528,0.0976,0.0248,0.1143,0.082,0.0126,0.0572,0.102,0.0517,0.003,0.0168,0.0635,0.0615,0.0337,7e-04,0.0062,0.0179,0.0323,0.0261,0.008,4e-04,0.0011,0.0055,0.0137,0.0099,0.0084,0.0031
"2025-03-16","DEN","SonderjyskE","Aalborg",6e-04,0.0012,0.0095,0.0322,0.0839,0.1691,0.2876,0.2201,0.1195,0.0543,0.0154,0.0057,8e-04,0.0742,0.0712,0.0938,0.0406,0.1375,0.0662,0.02,0.0729,0.094,0.0348,0.0062,0.0366,0.06,0.0451,0.0099,0.0011,0.0098,0.0227,0.0293,0.0164,0.0048,6e-04,0.0024,0.0063,0.0143,0.0078,0.0051,6e-04
"2025-03-16","ENG","Arsenal","Chelsea",0,9e-04,0.0046,0.0126,0.0378,0.1158,0.2233,0.2453,0.1818,0.0985,0.0505,0.0181,0.0106,0.0573,0.049,0.1079,0.02,0.0996,0.106,0.0072,0.0449,0.1006,0.0607,0.0029,0.0152,0.0539,0.0578,0.0298,7e-04,0.0042,0.018,0.0298,0.0318,0.0144,0,0.0016,0.0025,0.0113,0.0173,0.0194,0.0056
"2025-03-16","ENG","Sheffield Weds","Sheffield United",0.0025,0.0085,0.0232,0.0553,0.1188,0.2229,0.2624,0.1781,0.0802,0.0311,0.0127,0.0038,3e-04,0.0682,0.0958,0.085,0.0671,0.1208,0.0463,0.0351,0.0921,0.0723,0.0218,0.0183,0.0437,0.0578,0.0282,0.0062,0.007,0.0171,0.0316,0.0192,0.0055,0.0027,0.0024,0.0034,0.0065,0.015,0.0056,0.0051,0
"2025-03-16","ENG","Fulham","Tottenham",3e-04,0.0013,0.0123,0.0372,0.097,0.1799,0.2789,0.2137,0.108,0.0466,0.0164,0.0074,8e-04,0.0664,0.0715,0.0806,0.0479,0.1208,0.0541,0.0264,0.0737,0.0884,0.0302,0.0064,0.0367,0.0729,0.0429,0.0128,9e-04,0.0096,0.0295,0.0348,0.0141,0.0062,2e-04,0.0056,0.0099,0.017,0.0092,0.0035,2e-04
"2025-03-16","ENG","Leicester","Man United",0.0054,0.0117,0.0375,0.0814,0.1485,0.2412,0.2593,0.1313,0.0541,0.0235,0.0048,0.0014,0,0.0699,0.101,0.0572,0.0804,0.1163,0.0267,0.0505,0.0974,0.0532,0.0145,0.0266,0.0534,0.054,0.0215,0.0033,0.0067,0.0252,0.0336,0.0171,0.008,6e-04,0.0024,0.0092,0.0135,0.0169,0.0049,0.0011,0
"2025-03-16","ESP","Atletico","Barcelona",4e-04,0.0016,0.01,0.0394,0.0978,0.1891,0.273,0.2138,0.1037,0.0468,0.016,0.0071,0.0011,0.0652,0.0725,0.0794,0.0464,0.1178,0.0553,0.0278,0.0789,0.0899,0.0313,0.0058,0.0393,0.0699,0.039,0.0122,0.0012,0.0107,0.0313,0.0356,0.0132,0.0052,2e-04,0.0041,0.0099,0.0182,0.0078,0.0037,4e-04
"2025-03-16","ESP","Sevilla","Bilbao",0.001,0.0055,0.0166,0.0431,0.0996,0.2191,0.2971,0.1909,0.0841,0.031,0.0094,0.0025,1e-04,0.0931,0.1018,0.094,0.0593,0.1362,0.05,0.0303,0.0903,0.0741,0.0233,0.0137,0.0352,0.0565,0.0282,0.006,0.0052,0.0107,0.024,0.0214,0.0064,0.0015,7e-04,0.0025,0.0046,0.0099,0.0056,0.0031,1e-04
"2025-03-16","ESP","Santander","Tenerife",0,7e-04,0.0037,0.0112,0.037,0.1201,0.2419,0.2571,0.1788,0.0882,0.0407,0.0137,0.0068,0.0773,0.0594,0.1307,0.0218,0.1085,0.1154,0.0071,0.0439,0.0984,0.0593,0.0026,0.0133,0.0474,0.0508,0.0261,5e-04,0.0033,0.0142,0.0235,0.0251,0.0114,0,0.0012,0.0017,0.008,0.0123,0.0138,0.004
"2025-03-16","ESP","Osasuna","Getafe",4e-04,0.0011,0.006,0.0187,0.0708,0.165,0.3118,0.2396,0.1207,0.0475,0.0127,0.0047,9e-04,0.1154,0.091,0.1312,0.0486,0.1488,0.0798,0.0123,0.0614,0.0888,0.0359,0.0047,0.0197,0.0416,0.0359,0.01,0.001,0.0058,0.0114,0.0172,0.0099,0.0043,2e-04,0.0013,0.0021,0.0056,0.0045,0.0025,6e-04
"2025-03-16","ESP","Cadiz","Granada",7e-04,0.0013,0.0069,0.0205,0.0728,0.1599,0.2836,0.2354,0.1305,0.0609,0.0194,0.0064,0.0015,0.0782,0.0732,0.1137,0.0448,0.1404,0.08,0.0134,0.066,0.0915,0.0413,0.0055,0.0231,0.0554,0.0424,0.014,0.001,0.0064,0.0187,0.0247,0.0158,0.0054,6e-04,0.0013,0.004,0.0085,0.0069,0.0048,0.0011
"2025-03-16","ESP","Rayo Vallecano","Sociedad",3e-04,6e-04,0.0059,0.0245,0.0746,0.1758,0.3262,0.2293,0.1085,0.0412,0.0095,0.0032,3e-04,0.125,0.0969,0.1276,0.0451,0.151,0.0725,0.0179,0.0649,0.0836,0.0304,0.0045,0.0265,0.0429,0.0322,0.007,6e-04,0.0057,0.0132,0.017,0.0096,0.0028,3e-04,0.0011,0.0029,0.0067,0.0036,0.0023,2e-04
"2025-03-16","ESP","Leganes","Betis",0.0033,0.0042,0.0189,0.0531,0.1125,0.2341,0.2874,0.1846,0.0712,0.0215,0.0078,0.0013,0,0.1053,0.1222,0.0997,0.0705,0.1272,0.0468,0.0349,0.0896,0.0676,0.0146,0.0151,0.0368,0.0442,0.0198,0.0062,0.0038,0.0154,0.0193,0.0163,0.0064,0.0011,0.0027,0.0031,0.0048,0.0103,0.0046,0.0014,0
"2025-03-16","ESP","Huesca","Levante",2e-04,6e-04,0.0056,0.0238,0.0732,0.176,0.3292,0.2297,0.108,0.0407,0.0093,0.003,3e-04,0.129,0.0986,0.1298,0.0448,0.1515,0.073,0.0175,0.064,0.0825,0.0305,0.0043,0.0256,0.0419,0.0315,0.0069,6e-04,0.0055,0.0126,0.0163,0.0091,0.0027,2e-04,0.0011,0.0028,0.0063,0.0034,0.0022,3e-04
"2025-03-16","ESP","Eldense","Mirandes",7e-04,0.0042,0.0138,0.0479,0.1001,0.2153,0.2944,0.2012,0.082,0.0288,0.0096,0.002,0,0.0947,0.1056,0.1034,0.0595,0.1366,0.0489,0.0342,0.0865,0.0733,0.0216,0.0112,0.0347,0.054,0.0263,0.0068,0.0039,0.012,0.0197,0.0221,0.0063,0.0016,3e-04,0.0023,0.0049,0.0076,0.0062,0.0026,0
"2025-03-16","FRA","Strasbourg","Toulouse",4e-04,0.0016,0.007,0.0257,0.0723,0.1685,0.2984,0.2249,0.124,0.055,0.0158,0.0041,0.0022,0.0888,0.0797,0.1046,0.0389,0.1439,0.0725,0.016,0.0681,0.0934,0.0398,0.0051,0.0281,0.0546,0.0446,0.0106,0.0015,0.0083,0.0179,0.0243,0.0132,0.0039,2e-04,0.0015,0.0052,0.0105,0.0061,0.0045,0.0015
"2025-03-16","FRA","Montpellier","Saint-Etienne",0.0011,0.0018,0.0075,0.0218,0.0729,0.157,0.2667,0.2297,0.1365,0.0691,0.0247,0.0089,0.0022,0.059,0.0618,0.0954,0.0405,0.1288,0.0756,0.0133,0.0667,0.0941,0.0422,0.0056,0.0256,0.0646,0.0486,0.0157,0.0013,0.0074,0.0253,0.0309,0.0207,0.007,9e-04,0.0017,0.0056,0.0124,0.0095,0.0075,0.0015
"2025-03-16","FRA","Lyon","Le Havre",0,1e-04,0.0016,0.0039,0.0232,0.0643,0.1685,0.2657,0.2076,0.1396,0.0741,0.0332,0.0182,0.0406,0.0251,0.1108,0.0114,0.0764,0.117,0.0029,0.0289,0.1094,0.0946,0.0014,0.0089,0.0421,0.0712,0.0486,0,9e-04,0.009,0.0382,0.0366,0.0265,0,2e-04,0.0026,0.0088,0.0169,0.0229,0.0103
"2025-03-16","FRA","Paris SG","Marseille",0,4e-04,0.0026,0.0065,0.0284,0.0711,0.1697,0.2513,0.1956,0.142,0.0747,0.0378,0.0197,0.0321,0.0248,0.0938,0.012,0.0744,0.1004,0.0044,0.0333,0.1035,0.085,0.002,0.0099,0.0515,0.0689,0.0505,4e-04,0.0011,0.0099,0.0438,0.0487,0.0263,0,6e-04,0.0051,0.0111,0.0211,0.0218,0.0104
"2025-03-16","FRA","Brest","Reims",0.0012,5e-04,0.0018,0.0167,0.0402,0.1268,0.2689,0.252,0.1524,0.0815,0.0414,0.0119,0.0045,0.0741,0.0558,0.1162,0.026,0.1261,0.0931,0.01,0.0556,0.1003,0.0564,0.0015,0.0111,0.0578,0.0506,0.032,5e-04,0.0053,0.0125,0.0303,0.0201,0.0083,8e-04,3e-04,0.0027,0.0096,0.0073,0.0085,0.0035
"2025-03-16","GER","Nuernberg","Fuerth",5e-04,0.0019,0.0085,0.0303,0.077,0.167,0.2825,0.2166,0.1266,0.0618,0.0199,0.0042,0.0032,0.0662,0.0667,0.0873,0.0344,0.1345,0.0669,0.0179,0.0715,0.0941,0.0417,0.0058,0.034,0.0648,0.0503,0.012,0.0017,0.0103,0.0243,0.0316,0.0171,0.0039,4e-04,0.0018,0.0083,0.0153,0.0082,0.0067,0.0023
"2025-03-16","GER","Stuttgart","Leverkusen",0.0062,0.0109,0.0308,0.0742,0.1449,0.2265,0.2556,0.1551,0.0668,0.024,0.004,9e-04,0,0.064,0.0959,0.0628,0.083,0.1108,0.0343,0.0413,0.092,0.0603,0.0139,0.0185,0.0485,0.0633,0.0247,0.0034,0.0081,0.026,0.0335,0.0271,0.0092,4e-04,0.0033,0.0096,0.0122,0.0164,0.0075,4e-04,0
"2025-03-16","GER","Karlsruhe","Ulm",0.0017,6e-04,0.0023,0.0185,0.0411,0.1242,0.2549,0.245,0.1546,0.0883,0.0477,0.0148,0.0061,0.059,0.0483,0.0995,0.0243,0.1174,0.0866,0.0104,0.0565,0.1019,0.0569,0.0018,0.0126,0.0639,0.0565,0.0354,6e-04,0.0063,0.0152,0.0361,0.0243,0.0098,9e-04,5e-04,0.0037,0.0126,0.0096,0.011,0.0044
"2025-03-16","GER","Braunschweig","Hertha",0.0015,0.0025,0.0112,0.0447,0.1035,0.1984,0.2906,0.2003,0.0987,0.0344,0.0104,0.0035,3e-04,0.0781,0.0889,0.0912,0.058,0.1389,0.0562,0.0322,0.0777,0.0815,0.0238,0.0071,0.0352,0.0611,0.0339,0.0077,0.0018,0.0104,0.0262,0.0244,0.0089,0.0026,0.0012,0.0029,0.0075,0.0116,0.0075,0.0026,3e-04
"2025-03-16","GER","Bochum","Frankfurt",0.0069,0.0133,0.0395,0.0829,0.1504,0.2336,0.2517,0.1333,0.0571,0.0244,0.0051,0.0016,0,0.0612,0.0925,0.0543,0.0779,0.1112,0.0271,0.0498,0.0961,0.0544,0.0143,0.0267,0.0555,0.0588,0.0228,0.0035,0.0078,0.0264,0.0353,0.0199,0.0091,6e-04,0.0028,0.0106,0.0156,0.0183,0.0062,0.0012,0
"2025-03-16","GER","Heidenheim","Holstein",7e-04,0.0013,0.0119,0.0362,0.0896,0.1665,0.2754,0.216,0.1201,0.0571,0.0171,0.0076,4e-04,0.06,0.0622,0.0813,0.04,0.1283,0.0609,0.0211,0.0743,0.0952,0.0333,0.007,0.0411,0.0659,0.0485,0.0106,0.0012,0.0117,0.0272,0.0349,0.0195,0.0061,7e-04,0.0035,0.0079,0.0186,0.0101,0.0061,3e-04
"2025-03-16","HUN","MTK","Nyiregyhaza",0.0013,7e-04,0.0038,0.0191,0.049,0.134,0.2609,0.2443,0.1536,0.0782,0.0401,0.0109,0.0041,0.069,0.0568,0.1043,0.0263,0.1183,0.0841,0.0127,0.0574,0.1024,0.0494,0.0027,0.0173,0.0606,0.0584,0.0309,6e-04,0.006,0.0168,0.0306,0.024,0.0075,3e-04,0.001,0.0052,0.0123,0.0094,0.0073,0.0026
"2025-03-16","HUN","Ferencvaros","Kecskemeti",0,3e-04,0.0021,0.0056,0.0265,0.0777,0.1946,0.2766,0.1967,0.1261,0.058,0.0251,0.0107,0.0542,0.0353,0.1338,0.0145,0.0896,0.1218,0.0043,0.0335,0.1061,0.0869,0.0017,0.0084,0.0438,0.0599,0.0434,3e-04,8e-04,0.0072,0.0317,0.0349,0.0193,0,3e-04,0.003,0.0068,0.0127,0.0135,0.0065
"2025-03-16","HUN","Videoton","Diosgyori",7e-04,0.0018,0.0082,0.0233,0.0752,0.1602,0.2841,0.2337,0.1295,0.057,0.0174,0.0071,0.0017,0.081,0.074,0.1061,0.0458,0.1401,0.0749,0.0135,0.067,0.0975,0.039,0.0059,0.0251,0.0526,0.0457,0.0126,0.0015,0.0086,0.0167,0.0252,0.0146,0.0064,4e-04,0.0022,0.0036,0.0097,0.0077,0.0042,0.001
"2025-03-16","HUN","Puskas Akademia","Zalaegerszegi",1e-04,5e-04,0.0041,0.0131,0.0403,0.1183,0.2349,0.25,0.1764,0.0916,0.0463,0.0156,0.0088,0.0635,0.0518,0.1133,0.0231,0.1055,0.1035,0.0079,0.0454,0.1019,0.0584,0.0026,0.0145,0.0541,0.0575,0.0275,5e-04,0.0042,0.017,0.0288,0.0276,0.0126,1e-04,0.0014,0.0026,0.0105,0.0148,0.0174,0.005
"2025-03-16","ISR","Maccabi Haifa","Beitar",0.0023,7e-04,0.0022,0.0203,0.0406,0.1199,0.2415,0.2393,0.1553,0.0956,0.0546,0.0191,0.0084,0.0452,0.0403,0.0843,0.0223,0.1081,0.0799,0.01,0.0562,0.1015,0.0572,0.0017,0.0131,0.0691,0.0602,0.0383,7e-04,0.0075,0.0175,0.0431,0.0282,0.0118,0.0013,5e-04,0.0045,0.0159,0.0123,0.0144,0.0059
"2025-03-16","ISR","Maccabi Bnei Raina","Ashdod",6e-04,0.0013,0.0062,0.0358,0.0922,0.1967,0.3093,0.213,0.0961,0.0354,0.0096,0.0034,4e-04,0.1061,0.0971,0.107,0.0549,0.1395,0.0627,0.0276,0.075,0.0812,0.0267,0.0045,0.0308,0.0541,0.0285,0.0075,0.0011,0.0073,0.0213,0.022,0.0076,0.0024,5e-04,0.0015,0.0052,0.009,0.0044,0.0021,3e-04
"2025-03-16","ITA","Atalanta","Inter",0.0011,0.0055,0.0171,0.0522,0.1041,0.2121,0.2798,0.1956,0.0861,0.032,0.0115,0.0027,0,0.0752,0.0913,0.0887,0.0565,0.1298,0.0466,0.0349,0.0905,0.0763,0.0227,0.0131,0.0395,0.0617,0.0302,0.0076,0.0051,0.0147,0.0252,0.0273,0.0079,0.0019,5e-04,0.0032,0.0066,0.0108,0.0083,0.0036,0
"2025-03-16","ITA","Bologna","Lazio",1e-04,7e-04,0.0099,0.032,0.0908,0.181,0.3047,0.2173,0.1038,0.0404,0.0133,0.0054,4e-04,0.0964,0.0892,0.1021,0.0534,0.1345,0.0588,0.0247,0.0683,0.0842,0.0284,0.0057,0.0297,0.0624,0.0377,0.011,6e-04,0.0067,0.021,0.0252,0.0107,0.0049,1e-04,0.0041,0.0064,0.0105,0.0064,0.0022,0
"2025-03-16","ITA","Venezia","Napoli",0.0103,0.0202,0.0559,0.1115,0.192,0.2635,0.2054,0.0983,0.0333,0.008,0.0011,2e-04,0,0.063,0.1264,0.0505,0.1093,0.0904,0.0188,0.0718,0.1035,0.0334,0.0054,0.0398,0.067,0.0408,0.0114,8e-04,0.0163,0.0334,0.0289,0.0127,0.0022,2e-04,0.0058,0.0141,0.0138,0.0097,0.003,3e-04,0
"2025-03-16","ITA","Fiorentina","Juventus",8e-04,0.0028,0.012,0.0488,0.102,0.2132,0.2909,0.204,0.0855,0.0284,0.0095,0.002,0,0.0918,0.1098,0.1059,0.0615,0.1394,0.0512,0.0358,0.0809,0.0755,0.0211,0.0087,0.0336,0.0511,0.0272,0.0074,0.0025,0.0116,0.0183,0.0203,0.0065,0.0017,5e-04,0.0025,0.0055,0.0074,0.0063,0.002,0
"2025-03-16","ITA","Roma","Cagliari",0,0.001,0.0029,0.0084,0.0324,0.0942,0.2106,0.263,0.193,0.1051,0.0542,0.0238,0.0116,0.0558,0.0414,0.1214,0.017,0.095,0.1176,0.0058,0.0407,0.1067,0.074,0.0025,0.0129,0.0502,0.0581,0.0373,7e-04,0.0015,0.0107,0.03,0.0259,0.0164,0,4e-04,0.0022,0.0085,0.016,0.0149,0.007
"2025-03-16","ITA","Reggiana","Sampdoria",9e-04,0.0016,0.0081,0.0385,0.0964,0.2021,0.3139,0.2059,0.0926,0.0294,0.0079,0.0023,2e-04,0.1087,0.1082,0.1111,0.0617,0.1478,0.0598,0.03,0.0723,0.0758,0.0222,0.0058,0.0287,0.0497,0.0276,0.0063,0.0013,0.0074,0.0186,0.0174,0.0064,0.0018,7e-04,0.0018,0.0047,0.0072,0.0047,0.0016,2e-04
"2025-03-16","ITA","Catanzaro","Cosenza",0.001,6e-04,0.0034,0.017,0.0448,0.1357,0.2773,0.248,0.1505,0.0739,0.0365,0.0081,0.0031,0.0882,0.0647,0.1199,0.0268,0.1246,0.0897,0.0122,0.0553,0.0986,0.0507,0.0026,0.0142,0.0548,0.0531,0.0294,6e-04,0.0047,0.0136,0.0245,0.02,0.0061,3e-04,7e-04,0.0037,0.0093,0.0067,0.0058,0.0021
"2025-03-16","ITA","Suedtirol","Carrarese",8e-04,0.0013,0.0047,0.0167,0.0663,0.1631,0.2904,0.2387,0.1331,0.0585,0.0188,0.0062,0.0013,0.0876,0.0803,0.1225,0.0428,0.1394,0.086,0.012,0.0615,0.0894,0.0396,0.0037,0.0199,0.0545,0.04,0.0124,9e-04,0.0043,0.0196,0.0215,0.0155,0.0051,6e-04,9e-04,0.0034,0.008,0.0055,0.0053,9e-04
"2025-03-16","NED","Ajax","Alkmaar",0.0013,7e-04,0.0039,0.0196,0.0504,0.1339,0.2575,0.244,0.154,0.0785,0.0403,0.0116,0.0043,0.0651,0.0552,0.1011,0.0263,0.1169,0.0826,0.0129,0.0578,0.1032,0.0485,0.0027,0.0182,0.0616,0.0593,0.0307,6e-04,0.0063,0.0176,0.0322,0.0249,0.0078,3e-04,0.0011,0.0056,0.0131,0.0101,0.0076,0.0026
"2025-03-16","NED","Twente","Feyenoord",0.0026,0.0091,0.0242,0.0555,0.1159,0.219,0.2619,0.177,0.0831,0.0334,0.0137,0.0042,4e-04,0.0621,0.0868,0.0777,0.062,0.119,0.0451,0.0342,0.0934,0.0742,0.0227,0.0186,0.045,0.0627,0.0308,0.0067,0.0076,0.0176,0.0344,0.0231,0.0067,0.0027,0.0023,0.0039,0.0074,0.0169,0.0069,0.0056,1e-04
"2025-03-16","NED","Groningen","Sittard",3e-04,7e-04,0.0089,0.0304,0.0863,0.1773,0.3066,0.221,0.1078,0.0429,0.0125,0.005,3e-04,0.0988,0.0878,0.1071,0.0498,0.1401,0.0637,0.0222,0.0686,0.0865,0.0297,0.0056,0.0306,0.0567,0.0377,0.0096,7e-04,0.007,0.019,0.0237,0.0116,0.0044,3e-04,0.0029,0.0052,0.0101,0.0059,0.0027,1e-04
"2025-03-16","NED","Go Ahead Eagles","Willem II",0,7e-04,0.0031,0.0067,0.0314,0.0848,0.2023,0.2617,0.1963,0.1096,0.0605,0.0284,0.0145,0.0491,0.0352,0.1144,0.0161,0.0894,0.1159,0.0051,0.039,0.1102,0.076,0.0027,0.0128,0.0531,0.0602,0.0397,7e-04,7e-04,0.0094,0.0319,0.0266,0.0187,0,4e-04,0.0022,0.0091,0.0187,0.018,0.0086
"2025-03-16","POL","Lubin","Korona",3e-04,0.0011,0.0054,0.035,0.0892,0.2028,0.2989,0.2183,0.0948,0.0389,0.0109,0.0038,6e-04,0.1061,0.1004,0.1071,0.0511,0.1302,0.0637,0.0272,0.0781,0.085,0.0301,0.004,0.0322,0.0518,0.0272,0.0088,9e-04,0.0075,0.0211,0.0231,0.0078,0.0026,1e-04,0.0013,0.0052,0.0101,0.0034,0.002,3e-04
"2025-03-16","POL","Jagiellonia","Lech",5e-04,0.0019,0.008,0.0285,0.0748,0.1669,0.2868,0.22,0.1268,0.0598,0.0186,0.0043,0.003,0.0731,0.0708,0.0928,0.036,0.1378,0.0692,0.0169,0.0704,0.0948,0.0415,0.0055,0.0315,0.0612,0.049,0.0117,0.0017,0.0097,0.0218,0.029,0.0157,0.0041,4e-04,0.0018,0.007,0.0135,0.0075,0.0059,0.002
"2025-03-16","POL","Rakow","Legia",6e-04,0.0011,0.0071,0.0208,0.0738,0.1602,0.2885,0.2367,0.1276,0.0585,0.0179,0.0057,0.0014,0.0839,0.0758,0.1184,0.0464,0.1439,0.0798,0.0136,0.0662,0.0903,0.041,0.0058,0.0228,0.0523,0.0406,0.0136,0.001,0.0065,0.0164,0.0232,0.0142,0.0049,6e-04,0.0013,0.0036,0.0075,0.0064,0.0039,0.001
"2025-03-16","POL","Puszcza Niepolomice","Piast Gliwice",6e-04,0.0038,0.0125,0.0381,0.094,0.2216,0.3177,0.1976,0.0786,0.0266,0.0072,0.0016,0,0.1229,0.1201,0.1125,0.0618,0.1418,0.0518,0.0289,0.0828,0.0685,0.0213,0.0108,0.0289,0.0461,0.0229,0.0051,0.0036,0.0081,0.0169,0.0158,0.0047,0.0011,4e-04,0.0016,0.0031,0.0061,0.0037,0.002,0
"2025-03-16","POR","Guimaraes","Estrela Amadora",0,3e-04,0.0019,0.006,0.0266,0.0822,0.2082,0.2843,0.1916,0.1186,0.0516,0.0207,0.0078,0.065,0.04,0.1501,0.0151,0.0947,0.1254,0.0047,0.0347,0.1028,0.084,0.0016,0.0083,0.0426,0.0533,0.0401,3e-04,7e-04,0.0063,0.0278,0.0314,0.016,0,3e-04,0.0027,0.0056,0.0112,0.0108,0.005
"2025-03-16","POR","Rio Ave","Benfica",0.0107,0.0233,0.0597,0.116,0.1949,0.2639,0.1945,0.0946,0.0328,0.0079,0.0013,3e-04,0,0.0579,0.1233,0.0461,0.1118,0.0855,0.0177,0.0749,0.1061,0.0325,0.0048,0.0421,0.0676,0.0397,0.0112,0.0012,0.0187,0.0332,0.029,0.0142,0.0027,3e-04,0.006,0.0155,0.0137,0.0101,0.0038,2e-04,0
"2025-03-16","POR","Nacional","Casa Pia",6e-04,0.0013,0.0061,0.035,0.0916,0.1957,0.3158,0.2125,0.0953,0.0337,0.0089,0.0031,4e-04,0.1121,0.0994,0.1104,0.0562,0.1427,0.063,0.0273,0.0732,0.0792,0.0256,0.0045,0.0294,0.0526,0.0277,0.0069,0.0011,0.0068,0.0201,0.0205,0.0071,0.0022,5e-04,0.0014,0.0047,0.0081,0.0042,0.0019,3e-04
"2025-03-16","POR","Moreirense","Boavista",1e-04,3e-04,0.0028,0.0137,0.0441,0.1207,0.2562,0.2608,0.1658,0.0797,0.0379,0.0118,0.0059,0.0784,0.0578,0.1278,0.0286,0.1169,0.0997,0.0091,0.0455,0.1028,0.0562,0.002,0.0127,0.0516,0.0557,0.0246,3e-04,0.004,0.0139,0.0265,0.0195,0.0094,1e-04,8e-04,0.0026,0.0082,0.01,0.012,0.0039
"2025-03-16","POR","Arouca","Estoril",9e-04,0.0015,0.0059,0.0189,0.0694,0.1605,0.2795,0.2346,0.1348,0.0633,0.0214,0.0073,0.0016,0.0737,0.0718,0.1101,0.0421,0.1354,0.0816,0.0127,0.0643,0.0922,0.041,0.0045,0.0225,0.0592,0.044,0.0139,0.0011,0.0056,0.0221,0.0255,0.0177,0.0059,7e-04,0.0013,0.0043,0.0098,0.0071,0.0062,0.0011
"2025-03-16","ROM","Steaua","Rapid Bucuresti",0,7e-04,0.0034,0.0108,0.0363,0.12,0.2443,0.2603,0.1787,0.087,0.039,0.0132,0.0062,0.0814,0.0612,0.1363,0.0217,0.1097,0.1175,0.007,0.0435,0.0974,0.0601,0.0024,0.0128,0.0454,0.0496,0.0262,5e-04,0.003,0.0132,0.0226,0.0236,0.0108,0,0.001,0.0017,0.0073,0.0112,0.0122,0.0037
"2025-03-16","ROM","UTA Arad","Otelul Galati",4e-04,8e-04,0.0029,0.0154,0.0583,0.1644,0.3079,0.2466,0.1324,0.0499,0.0151,0.0047,9e-04,0.1152,0.0914,0.1449,0.0397,0.1421,0.0932,0.0124,0.0573,0.0829,0.0362,0.0022,0.0162,0.0447,0.034,0.0107,6e-04,0.0029,0.0146,0.0162,0.012,0.0038,3e-04,7e-04,0.0023,0.0055,0.0043,0.0038,5e-04
"2025-03-16","ROM","Hermannstadt","Unirea Slobozia",0,7e-04,0.0034,0.011,0.0363,0.1191,0.241,0.2589,0.1796,0.0888,0.0404,0.0138,0.0067,0.0779,0.0595,0.1332,0.0213,0.1086,0.1166,0.0071,0.0437,0.098,0.0609,0.0024,0.0131,0.0462,0.0508,0.027,6e-04,0.0031,0.0136,0.0235,0.0244,0.0113,0,0.001,0.0018,0.0076,0.0118,0.0127,0.004
"2025-03-16","SCO","Celtic","Rangers",0.0018,9e-04,0.0042,0.0196,0.0481,0.1307,0.2524,0.2392,0.1559,0.0842,0.0454,0.0125,0.0052,0.0598,0.051,0.0941,0.0245,0.1124,0.0805,0.0127,0.0574,0.1023,0.0513,0.003,0.0175,0.0647,0.0625,0.034,7e-04,0.0065,0.0187,0.0337,0.0271,0.0084,4e-04,0.0012,0.0059,0.0145,0.0107,0.0089,0.0032
"2025-03-16","SCO","Dundee United","Dundee",3e-04,0.001,0.0041,0.0241,0.0585,0.1491,0.2589,0.2399,0.1546,0.0662,0.0286,0.0116,0.0029,0.0634,0.0577,0.1044,0.0276,0.1224,0.0859,0.0174,0.0661,0.0987,0.0395,0.0018,0.0243,0.059,0.0531,0.0196,8e-04,0.0064,0.0215,0.0331,0.0231,0.0072,0,0.0023,0.0062,0.0131,0.0137,0.0079,0.0012
"2025-03-16","SRB","Crvena Zvezda","Zlatibor",0,0,0.0012,6e-04,0.0038,0.0221,0.077,0.2043,0.227,0.1873,0.1323,0.0731,0.0711,0.0226,0.013,0.1068,0.0023,0.0349,0.1384,5e-04,0.0071,0.0759,0.1261,0.0011,0.001,0.015,0.0738,0.0898,0,1e-04,0.0017,0.0185,0.0518,0.057,0,1e-04,0,0.0038,0.0126,0.0357,0.0333
"2025-03-16","SRB","OFK","Novi Sad",0.0037,0.0062,0.0232,0.0616,0.1317,0.2302,0.2635,0.17,0.0789,0.0228,0.0071,6e-04,3e-04,0.0855,0.109,0.0852,0.0796,0.1202,0.0465,0.0383,0.0922,0.0649,0.0169,0.0171,0.0437,0.0474,0.0258,0.0054,0.0055,0.0207,0.0252,0.0167,0.0058,4e-04,0.0022,0.0047,0.0075,0.01,0.0064,0.0016,3e-04
"2025-03-16","SRB","Cukaricki","Partizan",0.0046,0.007,0.0257,0.0653,0.1338,0.2277,0.2551,0.1677,0.0804,0.0239,0.0078,7e-04,4e-04,0.0755,0.1008,0.0789,0.0772,0.1167,0.0452,0.039,0.0939,0.0661,0.0172,0.0182,0.0466,0.0506,0.0275,0.0058,0.0062,0.0231,0.0282,0.0188,0.0065,5e-04,0.0026,0.0055,0.0088,0.0118,0.0075,0.002,4e-04
"2025-03-16","SRB","Mladost Lucani","Nis",1e-04,3e-04,0.0027,0.0196,0.0581,0.1451,0.2738,0.2605,0.1454,0.0587,0.0246,0.009,0.002,0.0835,0.0706,0.1252,0.0327,0.13,0.0877,0.0134,0.0582,0.1043,0.0372,0.0018,0.0203,0.0509,0.0479,0.0196,2e-04,0.0058,0.0143,0.0271,0.0181,0.0062,0,9e-04,0.0047,0.0089,0.0085,0.0042,0.0011
"2025-03-16","SRB","Backa Topola","Krusevac",1e-04,5e-04,0.0039,0.0135,0.0412,0.1182,0.2359,0.2503,0.175,0.0908,0.0463,0.0155,0.0087,0.0628,0.0512,0.1122,0.0238,0.1062,0.1013,0.0082,0.0456,0.1026,0.0582,0.0025,0.0145,0.0549,0.0585,0.0275,5e-04,0.0044,0.017,0.0296,0.0269,0.0124,1e-04,0.0014,0.0028,0.0106,0.0145,0.0172,0.0051
"2025-03-16","SUI","Grasshoppers","Sion",6e-04,0.0019,0.0079,0.023,0.0743,0.1628,0.2928,0.2342,0.1275,0.0515,0.0148,0.007,0.0016,0.0931,0.0805,0.1077,0.0469,0.142,0.0741,0.0129,0.0655,0.1,0.0363,0.0054,0.0244,0.048,0.0454,0.0106,0.0018,0.0088,0.0145,0.0228,0.0127,0.0066,1e-04,0.0024,0.0028,0.0093,0.0071,0.0036,8e-04
"2025-03-16","SUI","Basel","Young Boys",4e-04,0.0015,0.0073,0.0277,0.0738,0.1696,0.2957,0.2208,0.1233,0.0571,0.0168,0.0035,0.0024,0.0819,0.0762,0.0998,0.0364,0.1423,0.0707,0.0175,0.07,0.0921,0.0407,0.0052,0.0308,0.0586,0.0455,0.0108,0.0014,0.0086,0.0203,0.0264,0.0143,0.0033,3e-04,0.0014,0.0064,0.0119,0.0063,0.0052,0.0017
"2025-03-16","SUI","Lugano","Winterthur",0,0.0019,0.004,0.0141,0.0368,0.1071,0.2002,0.2377,0.1863,0.1102,0.0603,0.0262,0.0152,0.0405,0.0385,0.09,0.0164,0.0884,0.0974,0.0073,0.0443,0.0993,0.0665,0.0028,0.0162,0.0559,0.0651,0.0376,9e-04,0.0045,0.0198,0.0384,0.0372,0.0181,0,0.0012,0.0037,0.0139,0.0219,0.0207,0.0079
"2025-03-16","SVN","Maribor","Koper",6e-04,5e-04,0.0032,0.0193,0.0536,0.1397,0.2684,0.2528,0.1495,0.068,0.0316,0.0098,0.0029,0.0773,0.0641,0.1157,0.0296,0.1249,0.0865,0.0131,0.0579,0.1035,0.0433,0.0022,0.0188,0.0554,0.0528,0.0249,4e-04,0.0058,0.0154,0.0286,0.0207,0.0068,1e-04,0.001,0.0049,0.0103,0.0088,0.0055,0.0017
"2025-03-16","SVN","Celje","Nafta",0,3e-04,0.0026,0.0053,0.0266,0.0703,0.1709,0.2583,0.2006,0.1387,0.072,0.0357,0.0186,0.0358,0.0266,0.1009,0.0129,0.0773,0.1081,0.0038,0.0317,0.1075,0.0877,0.0021,0.0091,0.0474,0.0709,0.0491,2e-04,0.001,0.0093,0.0406,0.0428,0.0261,0,5e-04,0.0038,0.01,0.0175,0.0205,0.0101
"2025-03-16","SVN","Bravo","Domzale",1e-04,5e-04,0.0037,0.0131,0.041,0.1192,0.2409,0.2534,0.1741,0.0882,0.0436,0.0143,0.0078,0.0683,0.0541,0.1185,0.0244,0.1087,0.1039,0.0081,0.0454,0.1021,0.0579,0.0025,0.014,0.053,0.0565,0.0266,5e-04,0.0041,0.016,0.0277,0.0252,0.0116,1e-04,0.0013,0.0025,0.0096,0.0132,0.0157,0.0046
"2025-03-16","TUR","Fenerbahce","Samsunspor",0,0,1e-04,0.0033,0.0139,0.0538,0.1401,0.2489,0.2175,0.1565,0.0973,0.0446,0.0237,0.0321,0.022,0.1052,0.0081,0.0683,0.1185,0.0018,0.0233,0.1053,0.1016,1e-04,0.0048,0.0316,0.0774,0.0697,0,0.001,0.0076,0.0312,0.0427,0.0339,0,0,9e-04,0.0077,0.0199,0.0252,0.0126
"2025-03-16","TUR","Goeztepe","Eyupspor",5e-04,0.0018,0.0075,0.0259,0.0733,0.1669,0.2938,0.2255,0.1257,0.0556,0.0163,0.0048,0.0023,0.0851,0.0774,0.1018,0.0397,0.142,0.0719,0.0157,0.0683,0.0954,0.0396,0.0053,0.0283,0.055,0.0461,0.0109,0.0016,0.0088,0.0182,0.0253,0.0137,0.0046,2e-04,0.0018,0.0051,0.011,0.0067,0.0047,0.0015
"2025-03-16","TUR","Rizespor","Bodrum",2e-04,4e-04,0.0027,0.0189,0.0562,0.1448,0.2775,0.2604,0.1449,0.0588,0.0249,0.0084,0.002,0.0881,0.0721,0.1283,0.0325,0.1308,0.0888,0.0132,0.0574,0.1028,0.0382,0.0018,0.0192,0.0499,0.0471,0.02,2e-04,0.0054,0.0136,0.0257,0.0174,0.0059,0,9e-04,0.0043,0.0084,0.0078,0.004,0.0011
"2025-03-16","TUR","Hatayspor","Sivasspor",0.0013,0.0023,0.0116,0.0453,0.1034,0.2074,0.2911,0.1997,0.0942,0.0313,0.0095,0.0026,1e-04,0.0849,0.1032,0.0983,0.0617,0.1416,0.0557,0.0336,0.0774,0.0796,0.0226,0.0075,0.0335,0.0537,0.0312,0.0075,0.0018,0.01,0.0222,0.0198,0.0075,0.0021,0.001,0.0028,0.0065,0.0098,0.0063,0.002,1e-04
"2025-03-16","UKR","Inhulets","Chernomorets",4e-04,8e-04,0.0085,0.03,0.0844,0.1751,0.3048,0.2228,0.1108,0.045,0.0123,0.0049,2e-04,0.0965,0.0851,0.1077,0.0472,0.1423,0.0662,0.0211,0.0697,0.0886,0.0307,0.0056,0.0318,0.0547,0.0383,0.009,7e-04,0.0075,0.0187,0.0237,0.0125,0.0043,4e-04,0.0025,0.0049,0.0104,0.0058,0.0031,1e-04
"2025-03-16","UKR","LNZ","Kolos",2e-04,9e-04,0.0045,0.02,0.0634,0.1746,0.3362,0.2305,0.1121,0.0442,0.0102,0.0021,0.0011,0.1371,0.1023,0.134,0.0398,0.1532,0.0768,0.0145,0.0602,0.0808,0.0355,0.0036,0.0208,0.0404,0.0322,0.0077,9e-04,0.0049,0.0111,0.0147,0.0079,0.002,1e-04,7e-04,0.0027,0.0052,0.0029,0.0023,8e-04
"2025-03-17","ESP","Castellon","Depor",5e-04,0.0011,0.0084,0.03,0.0807,0.1706,0.2952,0.2221,0.1185,0.0524,0.0145,0.0048,9e-04,0.0833,0.0766,0.1008,0.041,0.1416,0.0686,0.0193,0.0715,0.0925,0.0353,0.0057,0.0339,0.0568,0.0429,0.0096,0.0011,0.0088,0.0204,0.0264,0.0147,0.0041,5e-04,0.002,0.0056,0.0123,0.0066,0.0045,7e-04
"2025-03-17","ROM","Sepsi","Gloria Buzau",0,4e-04,0.0022,0.0063,0.0279,0.0805,0.1989,0.2739,0.1935,0.1233,0.0576,0.0249,0.0105,0.0542,0.0359,0.1323,0.0146,0.0903,0.1193,0.0049,0.0357,0.105,0.084,0.0018,0.0094,0.0467,0.0577,0.0428,4e-04,8e-04,0.0075,0.0318,0.0349,0.0184,0,4e-04,0.0032,0.0071,0.0142,0.0136,0.0064
"2025-03-17","SRB","Novi Pazar","Zeleznicar Pancevo",8e-04,0.002,0.0087,0.0244,0.0757,0.1598,0.2806,0.2325,0.1308,0.0573,0.0176,0.0078,0.002,0.0777,0.0721,0.1009,0.0453,0.1379,0.0731,0.0135,0.0675,0.0998,0.0386,0.006,0.0261,0.0536,0.048,0.0125,0.0018,0.0095,0.0173,0.0265,0.0151,0.0071,3e-04,0.0026,0.0037,0.0108,0.0085,0.0045,0.0011
