Date,Country,Home,Away,GD<-5,GD=-5,GD=-4,GD=-3,GD=-2,GD=-1,GD=0,GD=1,GD=2,GD=3,GD=4,GD=5,GD>5,R:0-0,R:0-1,R:1-0,R:0-2,R:1-1,R:2-0,R:0-3,R:1-2,R:2-1,R:3-0,R:0-4,R:1-3,R:2-2,R:3-1,R:4-0,R:0-5,R:1-4,R:2-3,R:3-2,R:4-1,R:5-0,R:0-6,R:1-5,R:2-4,R:3-3,R:4-2,R:5-1,R:6-0
2024-03-15,AUT,Rapid Wien,LASK,0.0002,0.0009,0.0102,0.0316,0.0845,0.1923,0.3053,0.2108,0.1095,0.0395,0.0113,0.0037,0.0001,0.1064,0.0987,0.1048,0.0522,0.1381,0.0649,0.0237,0.0692,0.0804,0.0291,0.0071,0.0272,0.0523,0.037,0.0084,0.0008,0.0071,0.0214,0.0208,0.0092,0.0031,0.0002,0.0029,0.0048,0.0076,0.0065,0.0029,0.0
2024-03-15,BUL,Beroe Stara Zagora,Botev Vratsa,0.0004,0.0007,0.002,0.0137,0.0435,0.1248,0.2652,0.2611,0.1592,0.0789,0.0353,0.0109,0.0043,0.0901,0.0603,0.1323,0.0291,0.1181,0.1015,0.0088,0.0497,0.1001,0.0566,0.0015,0.0111,0.0492,0.0504,0.0266,0.0007,0.0047,0.0128,0.0247,0.0178,0.0078,0.0004,0.0004,0.003,0.0065,0.0061,0.0079,0.0029
2024-03-15,BUL,Cherno More,CSKA 1948 Sofia,0.0004,0.0013,0.0041,0.0171,0.0616,0.1614,0.3042,0.2378,0.1346,0.0536,0.0172,0.0053,0.0014,0.0997,0.0845,0.1293,0.0423,0.1487,0.0917,0.0126,0.0588,0.0889,0.039,0.0034,0.0158,0.0487,0.0381,0.0126,0.0009,0.0042,0.017,0.0179,0.0128,0.0048,0.0001,0.0006,0.0034,0.0064,0.0037,0.0044,0.0009
2024-03-15,CRO,Osijek,Varazdin,0.0005,0.0009,0.0021,0.0145,0.044,0.1236,0.2575,0.2572,0.1608,0.0828,0.0386,0.0126,0.0049,0.0806,0.0562,0.1236,0.0284,0.1153,0.0991,0.0089,0.0511,0.1013,0.0574,0.0016,0.0117,0.0525,0.0531,0.0285,0.0008,0.0052,0.014,0.0276,0.02,0.0087,0.0005,0.0005,0.0035,0.0076,0.007,0.0091,0.0034
2024-03-15,ENG,Leicester,Southampton,0.0006,0.002,0.0046,0.0246,0.0605,0.1434,0.255,0.226,0.16,0.0748,0.0329,0.0115,0.0039,0.0499,0.049,0.0891,0.0276,0.1174,0.085,0.0162,0.0667,0.0964,0.0443,0.0025,0.022,0.0684,0.0582,0.0217,0.0017,0.0079,0.0259,0.0367,0.0258,0.0094,0.0001,0.002,0.0101,0.0169,0.0138,0.0103,0.0018
2024-03-15,ESP,Sociedad,Cadiz,0.0,0.0003,0.0018,0.0047,0.0273,0.0862,0.226,0.2954,0.1866,0.1068,0.0439,0.0155,0.0055,0.0834,0.0466,0.1759,0.0175,0.1029,0.1317,0.0036,0.0333,0.0968,0.0826,0.0015,0.0079,0.0356,0.0454,0.0351,0.0003,0.0007,0.0055,0.0205,0.022,0.0126,0.0,0.0002,0.0015,0.0038,0.0085,0.0082,0.0039
2024-03-15,ESP,Eldense,Cartagena,0.0006,0.0014,0.0061,0.0225,0.0712,0.1616,0.2868,0.2281,0.1315,0.0615,0.0199,0.0069,0.0016,0.0732,0.0744,0.1075,0.0434,0.1446,0.0785,0.0161,0.0632,0.0924,0.0411,0.0052,0.0232,0.058,0.0441,0.014,0.0009,0.0055,0.0213,0.0251,0.0166,0.0057,0.0003,0.0008,0.0043,0.0099,0.007,0.0056,0.001
2024-03-15,FRA,Toulouse,Lyon,0.0013,0.0022,0.0089,0.0407,0.0958,0.1803,0.3105,0.2035,0.098,0.0421,0.0112,0.0049,0.0006,0.0859,0.0802,0.0962,0.0537,0.1499,0.0593,0.0301,0.0733,0.0802,0.0295,0.0059,0.0338,0.0606,0.0291,0.009,0.0015,0.0088,0.0233,0.0238,0.0109,0.0032,0.0009,0.0023,0.007,0.0132,0.0085,0.0021,0.0006
2024-03-15,GER,Osnabrueck,Duesseldorf,0.0058,0.0134,0.0415,0.0868,0.1596,0.2395,0.2459,0.1304,0.0514,0.0198,0.0042,0.001,0.0004,0.0672,0.0997,0.0573,0.0845,0.1116,0.0252,0.0541,0.0955,0.0533,0.0117,0.0292,0.0608,0.0489,0.0202,0.003,0.0081,0.0264,0.0354,0.0165,0.0064,0.0005,0.003,0.0099,0.0132,0.0152,0.0051,0.0007,0.0004
2024-03-15,GER,Koeln,RB Leipzig,0.0055,0.0119,0.0352,0.0783,0.1537,0.235,0.261,0.1372,0.0563,0.0204,0.0039,0.0014,0.0,0.0764,0.1037,0.0639,0.0858,0.117,0.0294,0.049,0.0926,0.0534,0.0131,0.025,0.0536,0.0528,0.0213,0.0031,0.0068,0.0245,0.0316,0.0166,0.0063,0.0006,0.0024,0.009,0.0132,0.0128,0.0047,0.0005,0.0
2024-03-15,GER,Paderborn,Braunschweig,0.0,0.001,0.005,0.0116,0.0389,0.1189,0.2206,0.2462,0.1821,0.0983,0.0501,0.0171,0.01,0.0583,0.0499,0.1051,0.0231,0.0962,0.1047,0.0079,0.0466,0.1069,0.0626,0.0037,0.0126,0.0527,0.0608,0.0308,0.001,0.0032,0.0175,0.0279,0.0307,0.0125,0.0,0.0013,0.0029,0.0118,0.0162,0.0176,0.0057
2024-03-15,ITA,Empoli,Bologna,0.0038,0.0082,0.0243,0.0629,0.1432,0.2333,0.2806,0.1564,0.063,0.0199,0.0033,0.0009,0.0,0.0949,0.1202,0.0791,0.0919,0.1222,0.0387,0.0411,0.0859,0.0573,0.013,0.0163,0.0413,0.0531,0.0196,0.003,0.0063,0.0185,0.0243,0.0173,0.0063,0.0004,0.0017,0.007,0.0092,0.0097,0.0045,0.0002,0.0
2024-03-15,ITA,Palermo,Venezia,0.001,0.0032,0.0098,0.0436,0.0986,0.1935,0.2722,0.2048,0.1031,0.0475,0.0159,0.006,0.0009,0.0652,0.0689,0.078,0.0469,0.1208,0.0555,0.0298,0.081,0.0851,0.0338,0.007,0.0403,0.0666,0.037,0.0112,0.0023,0.0125,0.0348,0.0355,0.0104,0.0037,0.0004,0.0026,0.0092,0.0166,0.0082,0.0046,0.0008
2024-03-15,NED,Heracles,Go Ahead Eagles,0.0019,0.0068,0.0179,0.0511,0.1102,0.2225,0.2759,0.1813,0.0849,0.032,0.012,0.0031,0.0001,0.0742,0.0954,0.0823,0.0612,0.129,0.0467,0.0331,0.0946,0.0702,0.0234,0.0129,0.0428,0.0574,0.0288,0.008,0.0064,0.0143,0.0287,0.0266,0.0065,0.0012,0.0013,0.0042,0.0061,0.0127,0.0088,0.0035,0.0001
2024-03-15,POL,Lech,Warta,0.0,0.0007,0.0034,0.0095,0.0374,0.1227,0.2462,0.2641,0.178,0.0846,0.0367,0.0114,0.0054,0.0898,0.0641,0.1431,0.0248,0.1072,0.1183,0.007,0.045,0.0979,0.0617,0.0027,0.0108,0.0423,0.0502,0.0265,0.0007,0.0022,0.0116,0.0202,0.0207,0.0089,0.0,0.0007,0.0017,0.0063,0.0094,0.0096,0.0033
2024-03-15,POL,Lubin,Stal Mielec,0.0006,0.0018,0.0062,0.0259,0.0776,0.1717,0.2932,0.2264,0.1229,0.0511,0.0175,0.0035,0.0016,0.0827,0.0802,0.1073,0.0378,0.1396,0.0751,0.0161,0.0725,0.0896,0.0385,0.0048,0.033,0.057,0.0405,0.0119,0.0016,0.0085,0.0167,0.0269,0.0107,0.003,0.0005,0.0011,0.0065,0.0124,0.0063,0.0045,0.0014
2024-03-15,POR,Estoril,Portimonense,0.0006,0.001,0.0067,0.0262,0.0748,0.1622,0.2847,0.228,0.13,0.0596,0.0183,0.0064,0.0013,0.0729,0.0744,0.1061,0.0434,0.1427,0.0737,0.0189,0.0659,0.0913,0.0397,0.0056,0.027,0.0573,0.0455,0.0133,0.0007,0.006,0.0189,0.0272,0.0157,0.0051,0.0004,0.0009,0.0039,0.011,0.0092,0.0046,0.0007
2024-03-15,ROM,Rapid Bucuresti,Viitorul,0.0003,0.0013,0.0034,0.0233,0.058,0.1417,0.2663,0.2391,0.1557,0.07,0.0284,0.0094,0.003,0.066,0.0575,0.1065,0.0304,0.124,0.0909,0.0155,0.0622,0.0983,0.0437,0.0021,0.02,0.0621,0.0516,0.0201,0.0011,0.0073,0.0203,0.0307,0.0224,0.0081,0.0,0.0013,0.0071,0.0128,0.0112,0.0076,0.0014
2024-03-15,ROM,Universitatea Cluj,Botosani,0.0,0.0006,0.0027,0.019,0.049,0.1324,0.2763,0.2521,0.1524,0.074,0.0303,0.008,0.003,0.0884,0.0647,0.1233,0.0292,0.1242,0.0958,0.0128,0.0519,0.0999,0.0485,0.0018,0.0162,0.0536,0.0477,0.0224,0.0005,0.0058,0.0138,0.0237,0.0217,0.0067,0.0,0.0009,0.0034,0.0094,0.0075,0.007,0.002
2024-03-15,TUR,Fatih Karaguemruek,Konyaspor,0.0006,0.0018,0.0064,0.0264,0.0782,0.1717,0.2919,0.2257,0.1233,0.0511,0.0176,0.0036,0.0016,0.0811,0.0793,0.1056,0.0378,0.1394,0.0748,0.0164,0.0727,0.0899,0.0382,0.005,0.0334,0.0572,0.0408,0.012,0.0016,0.0087,0.0175,0.0275,0.011,0.0031,0.0006,0.0011,0.0067,0.0127,0.0066,0.0045,0.0014
2024-03-15,TUR,Pendikspor,Istanbulspor,0.0005,0.001,0.0067,0.026,0.0756,0.1619,0.2852,0.2267,0.1281,0.0618,0.0187,0.0066,0.0011,0.0708,0.0747,0.1067,0.0437,0.1451,0.0731,0.0194,0.065,0.0899,0.0409,0.0057,0.0273,0.0579,0.0443,0.0138,0.0006,0.0054,0.0191,0.0271,0.0164,0.0052,0.0004,0.0008,0.004,0.0107,0.0092,0.0046,0.0005
2024-03-15,UKR,Olexandriya,Vorskla,0.0009,0.0024,0.0111,0.0423,0.1025,0.2153,0.2951,0.1935,0.0921,0.0323,0.0108,0.0014,0.0001,0.095,0.1142,0.1017,0.0655,0.1427,0.0571,0.0332,0.0769,0.0766,0.0232,0.0079,0.0313,0.0464,0.0299,0.0086,0.0019,0.0074,0.0205,0.0135,0.0082,0.001,0.0005,0.0024,0.0051,0.0099,0.0047,0.0021,0.0001
2024-03-16,AUT,Wattens,Wolfsberg,0.0061,0.0086,0.0283,0.0685,0.1353,0.2233,0.2511,0.1681,0.0723,0.0267,0.0096,0.0018,0.0004,0.0594,0.0888,0.0674,0.0695,0.1159,0.039,0.0394,0.0944,0.0712,0.017,0.019,0.0535,0.0574,0.0253,0.007,0.0073,0.024,0.0336,0.0244,0.0091,0.0014,0.0039,0.0069,0.0105,0.0176,0.0077,0.0022,0.0003
2024-03-16,AUT,Altach,Austria Wien,0.0037,0.0082,0.0268,0.0667,0.1472,0.2378,0.2848,0.1472,0.0556,0.0176,0.0032,0.001,0.0,0.1036,0.1231,0.0792,0.0924,0.1246,0.0336,0.0461,0.0879,0.0523,0.0121,0.0199,0.0449,0.0473,0.0182,0.0027,0.0055,0.0177,0.0231,0.0136,0.0049,0.0005,0.0017,0.0063,0.0092,0.0085,0.0034,0.0003,0.0
2024-03-16,AUT,BW Linz,Lustenau,0.0007,0.0018,0.007,0.0276,0.0798,0.172,0.2885,0.2239,0.1243,0.051,0.0179,0.004,0.0014,0.0768,0.0768,0.101,0.0378,0.1386,0.0739,0.017,0.0732,0.0909,0.0374,0.0053,0.0347,0.0576,0.0417,0.0122,0.0016,0.009,0.0195,0.029,0.0117,0.0033,0.0007,0.0013,0.0071,0.0135,0.0077,0.0046,0.0013
2024-03-16,BEL,Anderlecht,Kortrijk,0.0,0.0,0.0001,0.0038,0.0135,0.0508,0.14,0.26,0.2201,0.1559,0.0944,0.0415,0.0198,0.0376,0.022,0.1201,0.0084,0.0696,0.1302,0.0022,0.0215,0.1073,0.1053,0.0001,0.0044,0.0272,0.0737,0.0699,0.0,0.001,0.0063,0.0271,0.0412,0.0325,0.0,0.0,0.0006,0.0054,0.0144,0.0222,0.0113
2024-03-16,BEL,Standard,Eupen,0.0005,0.001,0.002,0.0148,0.0441,0.1237,0.2571,0.2557,0.1601,0.0834,0.0394,0.0132,0.0048,0.0792,0.0552,0.1221,0.0284,0.115,0.0988,0.009,0.0525,0.1001,0.0569,0.0016,0.0115,0.0533,0.0526,0.0294,0.001,0.0054,0.0139,0.0288,0.0209,0.009,0.0005,0.0004,0.0037,0.0079,0.0069,0.009,0.0033
2024-03-16,BUL,Slavia Sofia,Lok Plovdiv,0.0004,0.0014,0.0063,0.0348,0.0879,0.1937,0.3185,0.212,0.0942,0.0375,0.0098,0.0029,0.0004,0.1193,0.0993,0.1137,0.0544,0.1427,0.0635,0.0273,0.0725,0.0768,0.03,0.005,0.0287,0.0482,0.026,0.0079,0.0012,0.0069,0.0191,0.0195,0.0063,0.0021,0.0003,0.0012,0.0042,0.0076,0.004,0.0019,0.0004
2024-03-16,BUL,Etar,Levski,0.0065,0.0168,0.0488,0.1016,0.1963,0.281,0.2169,0.0948,0.0287,0.0073,0.0011,0.0002,0.0,0.085,0.1602,0.0547,0.1298,0.095,0.0187,0.0733,0.0987,0.0308,0.005,0.0379,0.0575,0.0312,0.008,0.001,0.0142,0.0233,0.0192,0.0087,0.002,0.0002,0.0041,0.0099,0.0084,0.0052,0.002,0.0001,0.0
2024-03-16,BUL,Razgrad,Lok Sofia,0.0,0.0,0.0008,0.0006,0.0059,0.0246,0.0929,0.2099,0.2344,0.1837,0.1243,0.0685,0.0543,0.0282,0.0128,0.1095,0.004,0.0424,0.1424,0.0004,0.0088,0.0777,0.1194,0.0007,0.0013,0.0173,0.0764,0.0839,0.0,0.0002,0.0022,0.0186,0.0538,0.0536,0.0,0.0,0.0001,0.0042,0.0137,0.0345,0.0257
2024-03-16,CRO,Hajduk,Lok Zagreb,0.0,0.0007,0.0041,0.0111,0.0392,0.1241,0.2429,0.2581,0.176,0.0864,0.039,0.0119,0.0064,0.0806,0.0617,0.1259,0.0261,0.1064,0.1122,0.0081,0.045,0.1068,0.0596,0.0032,0.0108,0.0465,0.0526,0.0256,0.0007,0.0028,0.014,0.0213,0.0234,0.0093,0.0,0.0009,0.0021,0.0085,0.0109,0.0124,0.004
2024-03-16,CRO,Slaven Belupo,Rijeka,0.0057,0.0117,0.0343,0.0771,0.1535,0.2329,0.2621,0.1397,0.0573,0.0202,0.0039,0.0015,0.0,0.0771,0.1034,0.0652,0.0862,0.1167,0.0305,0.0485,0.0921,0.054,0.0129,0.0241,0.0529,0.054,0.0212,0.0031,0.007,0.0237,0.0308,0.0172,0.0064,0.0006,0.0025,0.009,0.0133,0.0125,0.0049,0.0005,0.0
2024-03-16,CZE,Tescoma Zlin,Bohemians Praha,0.0012,0.0022,0.0089,0.0408,0.0959,0.182,0.3068,0.2039,0.0985,0.0425,0.0116,0.0049,0.0006,0.0847,0.0797,0.0949,0.0531,0.147,0.0592,0.0301,0.0742,0.0808,0.03,0.006,0.0343,0.0609,0.0298,0.0092,0.0015,0.0091,0.0242,0.0247,0.0107,0.0032,0.0009,0.0023,0.007,0.0133,0.0084,0.0023,0.0006
2024-03-16,CZE,Teplice,Slovacko,0.0006,0.0032,0.0127,0.045,0.1045,0.2134,0.2966,0.2008,0.0831,0.0285,0.0097,0.0017,0.0,0.0974,0.1082,0.1068,0.0667,0.1402,0.0522,0.0311,0.084,0.0719,0.0219,0.0103,0.0321,0.0502,0.0243,0.0076,0.0029,0.0121,0.0174,0.0201,0.0059,0.0014,0.0001,0.0021,0.0048,0.0071,0.006,0.0019,0.0
2024-03-16,CZE,Karvina,Ceske Budejovice,0.0003,0.0013,0.0124,0.0348,0.0876,0.1875,0.2857,0.2093,0.117,0.0446,0.0143,0.005,0.0002,0.0807,0.0832,0.0898,0.0482,0.1317,0.0627,0.0241,0.0726,0.0852,0.0308,0.0081,0.0321,0.0601,0.043,0.01,0.0011,0.0091,0.0273,0.0272,0.012,0.004,0.0003,0.004,0.007,0.0113,0.0096,0.0041,0.0001
2024-03-16,CZE,Mlada Boleslav,Sigma Olomouc,0.0009,0.0019,0.0068,0.0279,0.0778,0.1662,0.2815,0.2264,0.1301,0.0539,0.0198,0.0044,0.0023,0.0717,0.0711,0.0974,0.0372,0.1313,0.0729,0.0161,0.0736,0.0937,0.0387,0.0051,0.0333,0.0617,0.0473,0.0125,0.0017,0.01,0.0185,0.031,0.0124,0.0039,0.0005,0.0014,0.007,0.0152,0.0081,0.0057,0.0019
2024-03-16,ENG,Middlesbrough,Blackburn,0.0001,0.0009,0.0033,0.0229,0.0537,0.1278,0.2537,0.2436,0.1568,0.0838,0.037,0.0114,0.0048,0.061,0.0514,0.0981,0.0275,0.1126,0.0863,0.0136,0.0539,0.104,0.0483,0.002,0.0198,0.0642,0.0553,0.0252,0.0006,0.0085,0.019,0.0329,0.0287,0.0093,0.0,0.0013,0.0058,0.0146,0.0126,0.0102,0.0027
2024-03-16,ENG,Man United,Sheffield United,0.0,0.0001,0.0018,0.0038,0.0242,0.0655,0.1639,0.2601,0.21,0.1439,0.0726,0.0362,0.0179,0.0361,0.0255,0.1028,0.0132,0.0761,0.1129,0.0031,0.0278,0.1105,0.0919,0.0014,0.0078,0.0418,0.0776,0.0498,0.0001,0.0006,0.0105,0.0379,0.0416,0.028,0.0,0.0004,0.0027,0.0093,0.0163,0.0202,0.0104
2024-03-16,ENG,Stoke,Norwich,0.0012,0.005,0.0155,0.0486,0.108,0.2183,0.2847,0.1902,0.0845,0.0305,0.011,0.0023,0.0001,0.0836,0.1009,0.0928,0.0638,0.1344,0.0493,0.0323,0.0901,0.0715,0.0228,0.0117,0.0379,0.0546,0.0269,0.0079,0.0046,0.0135,0.0232,0.0238,0.0063,0.0014,0.0007,0.0031,0.0056,0.01,0.0076,0.0027,0.0001
2024-03-16,ENG,Sunderland,QPR,0.0005,0.0015,0.0044,0.019,0.0616,0.1582,0.2907,0.2348,0.1412,0.0589,0.0207,0.0066,0.0018,0.0839,0.0749,0.1184,0.0392,0.143,0.0909,0.0137,0.0622,0.0922,0.041,0.0035,0.0176,0.0544,0.0434,0.0147,0.0011,0.005,0.0197,0.022,0.0156,0.0058,0.0002,0.0009,0.0047,0.0085,0.0053,0.0057,0.0011
2024-03-16,ENG,Wolves,Bournemouth,0.0006,0.0014,0.0063,0.0234,0.0723,0.1613,0.2848,0.2271,0.1314,0.0624,0.0202,0.0071,0.0016,0.0706,0.0732,0.1055,0.0431,0.1437,0.077,0.0168,0.0637,0.0923,0.0412,0.0054,0.0243,0.0589,0.0448,0.0142,0.0008,0.0056,0.0215,0.0261,0.017,0.0058,0.0004,0.0008,0.0045,0.0104,0.0076,0.0056,0.0009
2024-03-16,ENG,Arsenal,Chelsea,0.0,0.0013,0.0037,0.0103,0.038,0.1042,0.1985,0.2406,0.1915,0.1102,0.0612,0.0262,0.0142,0.0443,0.0374,0.1019,0.0177,0.0867,0.1001,0.006,0.0475,0.094,0.0718,0.0028,0.016,0.0555,0.0699,0.0414,0.0013,0.0031,0.0174,0.038,0.033,0.0169,0.0,0.0009,0.0036,0.0101,0.0202,0.0179,0.0072
2024-03-16,ENG,West Brom,Bristol City,0.0002,0.0007,0.0024,0.0156,0.0439,0.1293,0.2746,0.2547,0.1551,0.0773,0.0335,0.0091,0.0034,0.0933,0.0641,0.1293,0.028,0.1227,0.0998,0.0106,0.0513,0.0976,0.0533,0.0017,0.0129,0.05,0.0482,0.0253,0.0007,0.0047,0.0124,0.023,0.0202,0.0069,0.0002,0.0007,0.0028,0.0077,0.0057,0.0074,0.0025
2024-03-16,ENG,Fulham,Tottenham,0.0082,0.01,0.029,0.0714,0.1355,0.2196,0.2428,0.1657,0.0731,0.0291,0.0125,0.0027,0.0004,0.0471,0.0784,0.0584,0.0615,0.1096,0.0369,0.0389,0.095,0.0729,0.0166,0.0193,0.0598,0.0597,0.0266,0.0088,0.0083,0.0252,0.0373,0.0294,0.0115,0.0022,0.0056,0.0076,0.0117,0.0253,0.0094,0.0029,0.0001
2024-03-16,ENG,Birmingham,Watford,0.0011,0.0025,0.011,0.0427,0.1012,0.2034,0.2975,0.1957,0.0947,0.0359,0.0113,0.0025,0.0002,0.0886,0.1004,0.0977,0.0613,0.1442,0.0575,0.0326,0.0766,0.0786,0.0254,0.0076,0.033,0.052,0.0306,0.009,0.0019,0.0082,0.0224,0.0171,0.0094,0.0017,0.0007,0.0026,0.006,0.0115,0.0061,0.0023,0.0002
2024-03-16,ENG,Luton,Forest,0.0011,0.0021,0.0085,0.04,0.0949,0.1828,0.3096,0.2049,0.0978,0.0417,0.0112,0.0047,0.0005,0.089,0.0822,0.0978,0.0536,0.1481,0.0599,0.0298,0.0737,0.0802,0.0298,0.0058,0.0334,0.0592,0.0291,0.0089,0.0015,0.0087,0.0232,0.0237,0.0102,0.0031,0.0008,0.0021,0.0066,0.0124,0.0078,0.0021,0.0005
2024-03-16,ENG,Swansea,Cardiff,0.001,0.0012,0.0062,0.0264,0.0701,0.1648,0.2874,0.2361,0.1386,0.0463,0.0152,0.005,0.0018,0.0906,0.0762,0.1078,0.0425,0.1325,0.0786,0.0165,0.0698,0.0973,0.0329,0.0047,0.0243,0.0522,0.0499,0.01,0.0009,0.0083,0.0166,0.026,0.0109,0.0043,0.0002,0.0015,0.0031,0.0116,0.0086,0.0043,0.0011
2024-03-16,ENG,Burnley,Brentford,0.0033,0.0102,0.0204,0.0541,0.1194,0.2227,0.2661,0.1722,0.0831,0.0301,0.0125,0.0053,0.0005,0.0647,0.0911,0.0772,0.0665,0.1232,0.0467,0.0336,0.0941,0.0716,0.0204,0.0167,0.0436,0.0597,0.0286,0.0074,0.0092,0.0167,0.0335,0.021,0.0067,0.0035,0.0031,0.0034,0.0081,0.0176,0.0078,0.003,0.0001
2024-03-16,ENG,Rotherham,Huddersfield,0.0028,0.009,0.0188,0.0509,0.1182,0.2257,0.2739,0.1753,0.0813,0.028,0.0108,0.0046,0.0003,0.0751,0.1006,0.0849,0.0698,0.128,0.0486,0.0331,0.0925,0.0706,0.0197,0.0157,0.0407,0.0554,0.0264,0.0069,0.0082,0.0148,0.0295,0.0179,0.0059,0.0032,0.0027,0.0027,0.0069,0.0148,0.0063,0.0025,0.0
2024-03-16,ENG,Ipswich,Sheffield Weds,0.0,0.0009,0.0049,0.0114,0.0389,0.1207,0.2263,0.2494,0.1808,0.0952,0.047,0.0155,0.0089,0.0638,0.0532,0.1102,0.024,0.099,0.1073,0.008,0.0462,0.1077,0.0617,0.0036,0.012,0.0511,0.0584,0.0292,0.0009,0.0031,0.0166,0.0258,0.029,0.0116,0.0,0.0012,0.0026,0.011,0.0148,0.0164,0.0052
2024-03-16,ENG,Crystal Palace,Newcastle,0.0027,0.0086,0.02,0.054,0.1143,0.221,0.2677,0.1764,0.0853,0.0323,0.0129,0.0042,0.0003,0.065,0.0889,0.0761,0.0615,0.1239,0.0456,0.0335,0.0951,0.0712,0.0225,0.0147,0.0448,0.0604,0.0299,0.0081,0.0079,0.0162,0.0325,0.0265,0.007,0.0022,0.0021,0.0043,0.0075,0.0159,0.0094,0.0037,0.0001
2024-03-16,ENG,Plymouth,Preston,0.0012,0.0023,0.0089,0.0409,0.0959,0.1831,0.3046,0.2042,0.0988,0.0428,0.0118,0.005,0.0006,0.084,0.0795,0.0942,0.0528,0.1452,0.0591,0.03,0.0747,0.0811,0.0303,0.006,0.0346,0.061,0.0302,0.0093,0.0016,0.0092,0.0247,0.0252,0.0106,0.0032,0.0008,0.0023,0.0071,0.0133,0.0083,0.0024,0.0006
2024-03-16,ESP,Bilbao,Alaves,0.0,0.0005,0.0016,0.0056,0.0301,0.0856,0.2295,0.2936,0.1852,0.0995,0.0456,0.0166,0.0066,0.0836,0.0438,0.1692,0.0187,0.1004,0.1258,0.0047,0.0346,0.1012,0.078,0.0014,0.0098,0.0412,0.0483,0.0346,0.0005,0.0006,0.0069,0.0208,0.0185,0.0122,0.0,0.0002,0.0014,0.0036,0.0103,0.01,0.005
2024-03-16,ESP,Oviedo,Santander,0.0,0.0007,0.0029,0.0183,0.0471,0.1318,0.2753,0.2506,0.1534,0.0766,0.0321,0.008,0.0033,0.0881,0.0643,0.122,0.0279,0.1238,0.0961,0.0124,0.0518,0.0995,0.0503,0.0019,0.0158,0.0532,0.0489,0.0235,0.0006,0.0055,0.0137,0.0234,0.0224,0.0067,0.0,0.001,0.0032,0.0095,0.0069,0.0075,0.0023
2024-03-16,ESP,Gijon,Alcorcon,0.0001,0.0004,0.0025,0.0117,0.0413,0.1254,0.2684,0.268,0.163,0.0755,0.0307,0.0085,0.0043,0.1021,0.068,0.1437,0.0286,0.1175,0.1075,0.0082,0.0434,0.1024,0.0571,0.0019,0.0106,0.043,0.0487,0.0223,0.0004,0.0033,0.0118,0.0186,0.0152,0.0066,0.0001,0.0006,0.002,0.0052,0.0065,0.0078,0.0028
2024-03-16,ESP,Osasuna,Real Madrid,0.0115,0.0186,0.0504,0.1119,0.1886,0.257,0.217,0.1027,0.032,0.0086,0.0014,0.0001,0.0,0.0638,0.1239,0.053,0.1038,0.0976,0.0186,0.0701,0.1004,0.0368,0.0062,0.037,0.0683,0.0435,0.0107,0.0007,0.0146,0.0361,0.0285,0.0117,0.002,0.0001,0.0063,0.0123,0.0145,0.0101,0.0026,0.0007,0.0
2024-03-16,ESP,Mallorca,Granada,0.0003,0.0005,0.0022,0.0138,0.0436,0.1236,0.2605,0.2617,0.1616,0.0804,0.0357,0.0108,0.0051,0.0864,0.0596,0.1293,0.0285,0.1167,0.1002,0.0088,0.0477,0.1035,0.0581,0.0016,0.0119,0.0497,0.0535,0.026,0.0005,0.0047,0.0139,0.0244,0.0174,0.0078,0.0003,0.0006,0.003,0.0065,0.0069,0.0088,0.0033
2024-03-16,ESP,Tenerife,Huesca,0.0002,0.0004,0.0036,0.0182,0.0641,0.1711,0.3375,0.2419,0.1121,0.0387,0.0093,0.0025,0.0004,0.1473,0.1082,0.154,0.0468,0.1523,0.0807,0.0149,0.0539,0.0747,0.0311,0.0033,0.016,0.034,0.028,0.0076,0.0003,0.0029,0.0083,0.0122,0.0067,0.0022,0.0001,0.0004,0.0013,0.0038,0.0031,0.0015,0.0002
2024-03-16,ESP,Burgos,Levante,0.0005,0.0012,0.0056,0.0237,0.0736,0.1791,0.313,0.2283,0.1176,0.0416,0.0124,0.0029,0.0005,0.1096,0.0953,0.1222,0.0412,0.1503,0.0791,0.0167,0.0676,0.0844,0.0325,0.0045,0.0281,0.0442,0.0329,0.0095,0.0011,0.0061,0.015,0.0202,0.0082,0.0023,0.0005,0.0009,0.0041,0.008,0.0053,0.0025,0.0005
2024-03-16,ESP,Getafe,Girona,0.0009,0.0037,0.0152,0.0502,0.1082,0.2087,0.2814,0.1973,0.0884,0.0319,0.0119,0.0021,0.0,0.077,0.0944,0.0934,0.0638,0.1344,0.0505,0.0327,0.0864,0.0764,0.023,0.0114,0.0362,0.0573,0.0285,0.009,0.0032,0.0148,0.0216,0.0244,0.0078,0.0018,0.0001,0.0028,0.0068,0.01,0.0081,0.0026,0.0
2024-03-16,ESP,Eibar,Villarreal B,0.0,0.0007,0.002,0.0061,0.0308,0.0819,0.2085,0.2769,0.1903,0.1126,0.0568,0.0231,0.01,0.0612,0.0365,0.1406,0.0171,0.0937,0.1178,0.0047,0.0359,0.1048,0.0825,0.0016,0.0111,0.0471,0.0562,0.0408,0.0007,0.0008,0.0087,0.0275,0.0255,0.0162,0.0,0.0004,0.0021,0.0054,0.0148,0.0143,0.0071
2024-03-16,FRA,Lens,Nice,0.0001,0.0005,0.0018,0.0191,0.0534,0.1392,0.2967,0.2612,0.1437,0.0571,0.0199,0.006,0.0015,0.1108,0.0757,0.1448,0.0347,0.1316,0.0986,0.0134,0.0509,0.0947,0.0399,0.0013,0.0153,0.0473,0.0379,0.0157,0.0004,0.0053,0.0115,0.0196,0.015,0.0055,0.0,0.0005,0.0032,0.0066,0.0065,0.0038,0.0007
2024-03-16,FRA,Angers,Amiens,0.0001,0.0008,0.0024,0.0201,0.0541,0.1435,0.2893,0.2525,0.148,0.0595,0.0215,0.0065,0.0017,0.0969,0.0719,0.1345,0.0334,0.1333,0.0983,0.0144,0.0567,0.0941,0.0411,0.0016,0.0163,0.0508,0.0417,0.0165,0.0007,0.0054,0.0139,0.0218,0.0161,0.0059,0.0,0.0007,0.0042,0.0078,0.0071,0.0046,0.0008
2024-03-16,FRA,Nantes,Strasbourg,0.0009,0.0021,0.0095,0.0402,0.0978,0.1995,0.3083,0.1996,0.0935,0.0353,0.0103,0.0026,0.0003,0.0985,0.1022,0.1041,0.0609,0.1487,0.0591,0.0313,0.074,0.077,0.0256,0.0067,0.0309,0.0502,0.0282,0.0083,0.0016,0.0074,0.0201,0.0164,0.0086,0.0018,0.0006,0.0021,0.0053,0.0101,0.0056,0.0019,0.0003
2024-03-16,FRA,Bastia,Saint-Etienne,0.001,0.0044,0.0145,0.0472,0.1068,0.2178,0.289,0.193,0.0838,0.0298,0.0105,0.0021,0.0,0.0888,0.1042,0.0973,0.0649,0.1365,0.0502,0.0319,0.0884,0.0713,0.0225,0.0112,0.036,0.0528,0.0259,0.0078,0.0041,0.0128,0.0213,0.0223,0.0061,0.0014,0.0005,0.0027,0.0052,0.009,0.0069,0.0024,0.0
2024-03-16,FRA,Paris FC,Ajaccio,0.0004,0.0007,0.0046,0.0213,0.0671,0.1687,0.316,0.2392,0.1241,0.0421,0.0114,0.0034,0.0008,0.1223,0.0944,0.134,0.0456,0.1454,0.0815,0.0158,0.0617,0.0858,0.0322,0.0039,0.0195,0.0417,0.037,0.0087,0.0005,0.0048,0.0114,0.0173,0.0083,0.003,0.0002,0.0007,0.0019,0.0063,0.0049,0.0025,0.0005
2024-03-16,FRA,Laval,Dunkerque,0.0002,0.0009,0.0027,0.0215,0.0558,0.1424,0.2795,0.2479,0.1513,0.0638,0.0242,0.0076,0.0022,0.0838,0.0661,0.1234,0.0324,0.13,0.0958,0.0149,0.0589,0.0967,0.0424,0.0018,0.0178,0.0554,0.0457,0.018,0.0008,0.0062,0.0162,0.0252,0.0186,0.0068,0.0,0.0009,0.0051,0.0096,0.0087,0.0057,0.001
2024-03-16,FRA,Auxerre,Caen,0.0,0.0008,0.0033,0.0188,0.047,0.1299,0.267,0.2471,0.1557,0.0816,0.0357,0.009,0.0039,0.0786,0.0598,0.1133,0.0267,0.1204,0.0937,0.0125,0.0526,0.1009,0.0518,0.002,0.0166,0.0562,0.0523,0.0254,0.0007,0.0059,0.0151,0.0257,0.0251,0.0073,0.0,0.0012,0.0036,0.011,0.0078,0.009,0.0028
2024-03-16,FRA,Guingamp,Valenciennes,0.0005,0.0009,0.0018,0.0139,0.0435,0.1254,0.2672,0.2599,0.1578,0.0785,0.0356,0.0113,0.0038,0.0911,0.0601,0.133,0.0294,0.1187,0.1021,0.0088,0.0515,0.0978,0.0557,0.0015,0.0107,0.0495,0.0486,0.0273,0.0009,0.0048,0.0122,0.0254,0.0184,0.0079,0.0005,0.0004,0.0031,0.0066,0.0057,0.0075,0.0027
2024-03-16,FRA,US Quevilly,Troyes,0.0011,0.0024,0.0105,0.042,0.0999,0.1999,0.3011,0.1973,0.0949,0.0365,0.0111,0.0028,0.0003,0.0901,0.0982,0.0988,0.0604,0.1459,0.0581,0.0321,0.0758,0.0785,0.0259,0.0072,0.0327,0.0526,0.03,0.0089,0.0018,0.0081,0.022,0.0177,0.0094,0.0019,0.0007,0.0025,0.0059,0.0114,0.0063,0.0022,0.0003
2024-03-16,FRA,Rodez,Grenoble,0.0005,0.0011,0.0051,0.0229,0.0699,0.1707,0.3058,0.2355,0.1261,0.0442,0.0134,0.0033,0.0013,0.1081,0.0885,0.1227,0.0416,0.1404,0.08,0.0152,0.0678,0.0892,0.0342,0.004,0.0247,0.0479,0.0399,0.0095,0.001,0.0068,0.0129,0.0211,0.0085,0.0029,0.0002,0.0009,0.0034,0.0088,0.0053,0.0033,0.001
2024-03-16,FRA,Pau,Concarneau,0.0007,0.0019,0.0061,0.0211,0.0691,0.1606,0.2831,0.2271,0.1352,0.0633,0.0219,0.0077,0.0022,0.0693,0.0707,0.1029,0.0423,0.1414,0.0805,0.0142,0.0628,0.0951,0.0415,0.0051,0.0216,0.0605,0.046,0.0147,0.0011,0.006,0.0243,0.0257,0.0178,0.0065,0.0003,0.0008,0.005,0.0105,0.0062,0.0069,0.0014
2024-03-16,FRA,Annecy,Bordeaux,0.0035,0.0065,0.019,0.0546,0.124,0.232,0.2752,0.1766,0.0721,0.0247,0.0093,0.0023,0.0001,0.0828,0.1123,0.0857,0.0715,0.1302,0.0452,0.0363,0.0917,0.0705,0.0168,0.015,0.0456,0.048,0.0218,0.0071,0.0059,0.0153,0.0245,0.0185,0.0071,0.0019,0.0029,0.0035,0.006,0.0137,0.0051,0.0017,0.0
2024-03-16,GER,Nuernberg,St Pauli,0.0046,0.0075,0.0269,0.0657,0.1349,0.2258,0.2599,0.1698,0.0711,0.0248,0.0074,0.0011,0.0004,0.0717,0.0978,0.0754,0.0761,0.1203,0.0404,0.0394,0.0928,0.0691,0.017,0.0184,0.048,0.0548,0.024,0.0056,0.0064,0.0225,0.0303,0.0206,0.0074,0.0008,0.0028,0.0062,0.0093,0.0126,0.0065,0.0018,0.0004
2024-03-16,GER,Hannover,Lautern,0.0004,0.0012,0.0035,0.019,0.0463,0.1215,0.2394,0.2397,0.1614,0.096,0.0486,0.0159,0.0071,0.0538,0.0449,0.091,0.024,0.1049,0.0856,0.011,0.0535,0.1019,0.0557,0.0022,0.0163,0.0636,0.0613,0.0322,0.0011,0.0074,0.0191,0.0358,0.0312,0.0107,0.0004,0.0013,0.0053,0.0145,0.0107,0.0139,0.0048
2024-03-16,GER,Darmstadt,Bayern,0.0516,0.0599,0.1036,0.1653,0.2231,0.2042,0.1238,0.0516,0.0129,0.0032,0.0003,0.0003,0.0,0.029,0.0878,0.0184,0.116,0.0582,0.0079,0.0992,0.082,0.0228,0.0024,0.0676,0.0809,0.0294,0.0036,0.0003,0.0417,0.0559,0.0283,0.0091,0.0005,0.0001,0.0211,0.0289,0.0232,0.0055,0.0012,0.0,0.0
2024-03-16,GER,Mainz,Bochum,0.0009,0.0012,0.0069,0.0275,0.0733,0.1621,0.2797,0.2305,0.1365,0.0551,0.018,0.0063,0.0018,0.074,0.071,0.1009,0.042,0.1347,0.0744,0.018,0.0688,0.0956,0.0368,0.0054,0.0269,0.0575,0.0501,0.0122,0.0009,0.0078,0.0193,0.029,0.0144,0.0051,0.0003,0.0014,0.004,0.0128,0.0101,0.0051,0.001
2024-03-16,GER,Wolfsburg,Augsburg,0.0005,0.0011,0.007,0.0263,0.0759,0.1608,0.2812,0.225,0.1297,0.064,0.0199,0.0072,0.0013,0.0658,0.0714,0.1021,0.0429,0.1427,0.0723,0.0192,0.0653,0.0909,0.0415,0.0059,0.0279,0.0601,0.0457,0.0145,0.0007,0.0057,0.0206,0.0286,0.0177,0.0056,0.0005,0.0009,0.0045,0.0116,0.0098,0.0051,0.0006
2024-03-16,GER,Hoffenheim,Stuttgart,0.002,0.0055,0.0217,0.058,0.1129,0.2028,0.2587,0.1864,0.0956,0.0375,0.0156,0.003,0.0001,0.0505,0.073,0.0705,0.0562,0.1189,0.0453,0.0339,0.0874,0.0789,0.0237,0.0131,0.0428,0.0669,0.0351,0.0108,0.0042,0.0189,0.0307,0.0315,0.0114,0.0023,0.0004,0.0046,0.0109,0.0169,0.0124,0.0043,0.0001
2024-03-16,GER,Heidenheim,Gladbach,0.0012,0.0031,0.01,0.0435,0.0986,0.1889,0.2803,0.2034,0.1024,0.0468,0.0148,0.006,0.0008,0.0674,0.0699,0.0805,0.0483,0.1276,0.0559,0.0301,0.0792,0.0842,0.0327,0.0069,0.0392,0.0665,0.0354,0.0107,0.0021,0.0118,0.0324,0.033,0.0111,0.0037,0.0007,0.0027,0.009,0.0166,0.009,0.0039,0.0008
2024-03-16,GER,Rostock,Fuerth,0.0007,0.0031,0.0132,0.0464,0.1056,0.2119,0.2899,0.1983,0.0874,0.0307,0.0108,0.0017,0.0,0.0884,0.1043,0.1008,0.0656,0.1388,0.0529,0.0323,0.0832,0.0752,0.0226,0.0102,0.0333,0.052,0.0274,0.0084,0.0027,0.012,0.0195,0.02,0.0072,0.0015,0.0002,0.0024,0.0056,0.0088,0.0064,0.0022,0.0
2024-03-16,GER,Union Berlin,Werder,0.0004,0.0009,0.0059,0.0234,0.0727,0.164,0.2954,0.2307,0.1256,0.0575,0.0169,0.0056,0.001,0.0832,0.082,0.1175,0.0451,0.15,0.0771,0.0179,0.0626,0.088,0.04,0.0051,0.0239,0.0531,0.0404,0.0128,0.0006,0.0046,0.017,0.0228,0.0143,0.0046,0.0003,0.0006,0.0033,0.0084,0.0069,0.004,0.0005
2024-03-16,GER,Elversberg,Holstein,0.0033,0.0097,0.0224,0.0574,0.1156,0.2177,0.2594,0.1731,0.0871,0.0342,0.0145,0.005,0.0004,0.0551,0.0797,0.0683,0.0583,0.1177,0.0433,0.0337,0.0957,0.0715,0.0227,0.0156,0.0477,0.0643,0.0318,0.0087,0.0088,0.0182,0.0366,0.0301,0.0079,0.0024,0.0025,0.0052,0.0089,0.0189,0.0112,0.0045,0.0002
2024-03-16,GRE,Atromitos,Giannina,0.0003,0.0014,0.0034,0.0216,0.056,0.1489,0.2774,0.2384,0.1543,0.0636,0.0247,0.0076,0.0021,0.0763,0.0645,0.1172,0.0311,0.1328,0.0961,0.0157,0.065,0.0932,0.0429,0.0021,0.0183,0.0569,0.0484,0.0181,0.0012,0.0056,0.0186,0.0262,0.0184,0.0067,0.0001,0.0013,0.0062,0.0104,0.0084,0.0063,0.0011
2024-03-16,GRE,Panetolikos,Panserraikos,0.0004,0.0012,0.0105,0.0323,0.085,0.1866,0.2934,0.2129,0.1164,0.0431,0.0134,0.0044,0.0002,0.0889,0.0876,0.0973,0.0476,0.1374,0.0667,0.0228,0.0715,0.0853,0.0307,0.0072,0.0311,0.0553,0.0402,0.0098,0.0011,0.0082,0.0242,0.0252,0.0109,0.0035,0.0004,0.003,0.006,0.0102,0.0085,0.0035,0.0001
2024-03-16,GRE,Asteras Tripolis,NFC Volos,0.0006,0.0018,0.005,0.0199,0.0635,0.1578,0.2838,0.2311,0.142,0.0622,0.0226,0.0075,0.0022,0.0743,0.0702,0.1093,0.039,0.14,0.0878,0.0137,0.0632,0.0945,0.0417,0.0039,0.019,0.0584,0.0462,0.0155,0.0012,0.0057,0.0226,0.0246,0.0175,0.0065,0.0002,0.001,0.0054,0.0099,0.006,0.0067,0.0014
2024-03-16,GRE,Kifisias,OFI,0.0011,0.004,0.0161,0.0515,0.1093,0.2081,0.2764,0.1943,0.0907,0.0334,0.0127,0.0022,0.0,0.0709,0.0907,0.0882,0.0624,0.1319,0.0501,0.0334,0.0865,0.0777,0.0234,0.0116,0.0376,0.059,0.0306,0.0095,0.0033,0.0151,0.0238,0.025,0.0088,0.0019,0.0002,0.0032,0.0076,0.0116,0.0087,0.0029,0.0
2024-03-16,HUN,Ujpest,Mezokovesd-Zsory,0.0007,0.002,0.0054,0.0199,0.0652,0.1588,0.2827,0.2292,0.14,0.0631,0.0229,0.0078,0.0023,0.0712,0.0696,0.1054,0.0402,0.1399,0.0853,0.0134,0.0629,0.0955,0.0417,0.0044,0.0195,0.0599,0.0466,0.0153,0.0012,0.006,0.0241,0.0251,0.0179,0.0067,0.0002,0.0009,0.0054,0.0103,0.0058,0.0071,0.0015
2024-03-16,HUN,Diosgyori,Paksi,0.0051,0.0138,0.0248,0.0618,0.123,0.2155,0.2487,0.1627,0.0852,0.034,0.0167,0.0076,0.0012,0.0443,0.071,0.0601,0.059,0.1087,0.0413,0.0337,0.0943,0.0719,0.0203,0.0191,0.0497,0.068,0.0325,0.0084,0.012,0.0217,0.0434,0.0267,0.0087,0.0047,0.0046,0.0049,0.012,0.026,0.0113,0.0044,0.0001
2024-03-16,HUN,Kecskemeti,Videoton,0.001,0.0017,0.0087,0.031,0.0836,0.1761,0.2833,0.219,0.1259,0.0474,0.0165,0.0053,0.0004,0.0715,0.0743,0.092,0.0391,0.1398,0.0723,0.0197,0.0735,0.0923,0.0328,0.0063,0.0368,0.0547,0.0419,0.0119,0.0016,0.0091,0.0259,0.0311,0.013,0.0035,0.001,0.002,0.0074,0.0144,0.011,0.0041,0.0004
2024-03-16,ITA,Bari,Sampdoria,0.0006,0.0019,0.0076,0.0382,0.0923,0.1924,0.3025,0.2092,0.0978,0.0412,0.0117,0.0039,0.0005,0.0973,0.0881,0.101,0.0527,0.1384,0.0614,0.0287,0.0762,0.0808,0.0316,0.0057,0.0329,0.0553,0.0298,0.009,0.0016,0.0087,0.0239,0.0243,0.0079,0.0027,0.0004,0.0017,0.0057,0.0104,0.0055,0.0026,0.0005
2024-03-16,ITA,Brescia,Catanzaro,0.0006,0.0018,0.0062,0.026,0.0777,0.1709,0.292,0.2263,0.1232,0.052,0.018,0.0035,0.0018,0.0811,0.0791,0.1064,0.0375,0.1386,0.0747,0.0159,0.0728,0.0898,0.039,0.0048,0.0333,0.0581,0.0411,0.0121,0.0016,0.0087,0.0166,0.0274,0.0109,0.0031,0.0005,0.0011,0.0067,0.0127,0.0062,0.0047,0.0015
2024-03-16,ITA,Como,Pisa,0.0005,0.0014,0.0057,0.021,0.0695,0.1625,0.2921,0.2303,0.1309,0.0591,0.0189,0.0064,0.0016,0.08,0.078,0.113,0.044,0.147,0.0813,0.0151,0.0619,0.0918,0.0405,0.0049,0.0213,0.0555,0.0422,0.0134,0.0008,0.0051,0.0202,0.0228,0.0154,0.0054,0.0003,0.0007,0.004,0.0088,0.0058,0.0052,0.001
2024-03-16,ITA,Salernitana,Lecce,0.0006,0.0018,0.0072,0.0373,0.0912,0.193,0.3064,0.2101,0.0969,0.0402,0.0112,0.0036,0.0005,0.1028,0.0911,0.1044,0.0532,0.1396,0.0621,0.0284,0.0754,0.0799,0.0313,0.0055,0.0318,0.0534,0.0288,0.0087,0.0015,0.0082,0.0226,0.023,0.0074,0.0025,0.0004,0.0015,0.0053,0.0096,0.0051,0.0024,0.0005
2024-03-16,ITA,Reggiana,Spezia,0.0003,0.0014,0.0078,0.0344,0.0875,0.1957,0.3068,0.2119,0.1003,0.0392,0.011,0.0033,0.0003,0.1105,0.0973,0.1076,0.0528,0.1367,0.0638,0.0263,0.0735,0.0795,0.0308,0.0059,0.0294,0.0507,0.0309,0.0084,0.0012,0.0075,0.0215,0.0216,0.0071,0.0025,0.0002,0.0018,0.0047,0.008,0.0047,0.0025,0.0003
2024-03-16,ITA,Udinese,Torino,0.0006,0.0014,0.0072,0.0353,0.0913,0.1964,0.3296,0.2054,0.0895,0.0323,0.0084,0.0022,0.0002,0.1233,0.1106,0.1183,0.0609,0.1548,0.0614,0.0287,0.0683,0.0722,0.0248,0.0054,0.0262,0.0439,0.0235,0.007,0.0012,0.0058,0.0155,0.0136,0.0068,0.0016,0.0005,0.0014,0.0038,0.0072,0.0042,0.0013,0.0002
2024-03-16,ITA,Monza,Cagliari,0.0001,0.0008,0.0029,0.0171,0.0449,0.1289,0.268,0.2495,0.1564,0.0816,0.0362,0.0095,0.0039,0.0829,0.0606,0.1185,0.0268,0.1206,0.0963,0.0114,0.0522,0.0997,0.0536,0.0019,0.0147,0.0538,0.0516,0.0263,0.0007,0.0053,0.014,0.025,0.0234,0.0073,0.0001,0.001,0.0032,0.0096,0.0067,0.0087,0.0029
2024-03-16,ITA,Ternana,Cosenza,0.0006,0.0012,0.0065,0.0261,0.0769,0.1799,0.3059,0.2249,0.12,0.0413,0.0127,0.0035,0.0003,0.0998,0.0908,0.1133,0.0416,0.1506,0.0781,0.0183,0.0692,0.0872,0.0311,0.0051,0.0304,0.045,0.0345,0.0099,0.0012,0.0066,0.0186,0.0226,0.0094,0.0025,0.0006,0.0012,0.0047,0.0092,0.007,0.0026,0.0002
2024-03-16,ITA,Cittadella,Modena,0.0006,0.0012,0.007,0.027,0.0782,0.1805,0.3033,0.2233,0.12,0.0418,0.013,0.0037,0.0002,0.0969,0.0896,0.1103,0.0421,0.149,0.0768,0.0189,0.0698,0.0875,0.0311,0.0054,0.0309,0.0465,0.0355,0.01,0.0012,0.0069,0.0195,0.0233,0.0097,0.0027,0.0006,0.0014,0.0049,0.0096,0.0074,0.0027,0.0002
2024-03-16,ITA,Frosinone,Lazio,0.0058,0.0108,0.0314,0.0731,0.1521,0.2296,0.2675,0.1458,0.0592,0.0193,0.0038,0.0015,0.0,0.0821,0.1055,0.0698,0.0878,0.1174,0.0331,0.0473,0.0907,0.0551,0.0123,0.0217,0.0504,0.0553,0.0206,0.0032,0.0071,0.0214,0.0282,0.0178,0.0062,0.0006,0.0024,0.0087,0.0128,0.0114,0.0049,0.0004,0.0
2024-03-16,ITA,Suedtirol,Cremonese,0.0026,0.005,0.0188,0.0537,0.126,0.2343,0.2862,0.1769,0.0674,0.0215,0.0062,0.0009,0.0002,0.1024,0.1236,0.0943,0.08,0.1314,0.0442,0.0367,0.0873,0.0657,0.0158,0.0145,0.0399,0.0437,0.0192,0.0051,0.0045,0.0151,0.0208,0.0148,0.0055,0.0008,0.0019,0.0035,0.0053,0.0085,0.0039,0.0011,0.0002
2024-03-16,ITA,Feralpisalo,Parma,0.006,0.0126,0.0428,0.0887,0.1653,0.2413,0.2391,0.1348,0.0471,0.0166,0.0042,0.0005,0.001,0.0688,0.1041,0.0593,0.0885,0.1081,0.0248,0.0595,0.097,0.0558,0.0087,0.0292,0.0645,0.045,0.0167,0.0028,0.0098,0.0226,0.0333,0.0172,0.0059,0.0004,0.0035,0.0099,0.0115,0.015,0.0054,0.0008,0.001
2024-03-16,NED,Sittard,Zwolle,0.0007,0.002,0.0066,0.0271,0.0794,0.1694,0.2868,0.2245,0.1245,0.0537,0.0193,0.0038,0.002,0.0742,0.0749,0.1007,0.0367,0.1357,0.0732,0.0162,0.0737,0.0909,0.0395,0.0051,0.0349,0.0608,0.043,0.0127,0.0018,0.0094,0.0181,0.0297,0.0118,0.0033,0.0006,0.0012,0.0075,0.0143,0.007,0.0052,0.0017
2024-03-16,NED,Excelsior,Waalwijk,0.0004,0.0018,0.0119,0.038,0.0914,0.1907,0.281,0.2074,0.1118,0.0454,0.0146,0.0051,0.0003,0.0766,0.0793,0.086,0.0486,0.1273,0.0596,0.0265,0.0757,0.0848,0.0318,0.0079,0.0344,0.0625,0.0412,0.0102,0.0014,0.0102,0.0298,0.0295,0.0113,0.0039,0.0003,0.0038,0.0075,0.0124,0.009,0.0043,0.0003
2024-03-16,NED,Vitesse,Almere,0.0004,0.0017,0.0079,0.0365,0.09,0.1958,0.2992,0.2109,0.1005,0.041,0.0119,0.0037,0.0004,0.1007,0.0916,0.1021,0.0521,0.1341,0.0625,0.0275,0.0761,0.0812,0.0318,0.006,0.0318,0.0538,0.0318,0.009,0.0014,0.0085,0.0239,0.0242,0.0075,0.0027,0.0002,0.0018,0.0053,0.0094,0.0051,0.0028,0.0004
2024-03-16,POL,Ruch,Gornik,0.0044,0.0074,0.0211,0.0586,0.127,0.2289,0.2663,0.1739,0.073,0.0261,0.0104,0.0026,0.0002,0.0718,0.103,0.0783,0.0692,0.1259,0.0435,0.0372,0.0936,0.0721,0.017,0.0161,0.0496,0.0516,0.0234,0.0077,0.0066,0.0175,0.0278,0.0212,0.0081,0.0021,0.0035,0.0043,0.0072,0.0165,0.006,0.002,0.0
2024-03-16,POL,Slask,Puszcza Niepolomice,0.0003,0.0005,0.0027,0.0147,0.0443,0.1213,0.2469,0.2575,0.1657,0.0862,0.0403,0.0126,0.007,0.0724,0.0538,0.1159,0.0271,0.1114,0.0956,0.009,0.047,0.1079,0.0602,0.0019,0.0134,0.0538,0.06,0.0275,0.0005,0.0053,0.0167,0.0275,0.0195,0.0088,0.0003,0.0008,0.0035,0.0078,0.009,0.0113,0.0043
2024-03-16,POL,Cracovia,Widzew,0.0003,0.0014,0.0034,0.0202,0.0558,0.1533,0.2866,0.239,0.1503,0.0595,0.022,0.0065,0.0017,0.0852,0.0707,0.1243,0.0332,0.1386,0.0975,0.0152,0.0645,0.0903,0.0418,0.0023,0.0171,0.0532,0.0451,0.0163,0.0012,0.0048,0.0174,0.0229,0.0159,0.0058,0.0001,0.0011,0.0053,0.0087,0.0066,0.0054,0.001
2024-03-16,POL,Radomiak,Jagiellonia,0.0016,0.0045,0.0176,0.053,0.1107,0.2076,0.2685,0.188,0.0951,0.0365,0.0143,0.0024,0.0001,0.0614,0.0851,0.0794,0.0599,0.1275,0.0495,0.0346,0.0856,0.0799,0.024,0.0115,0.0399,0.0609,0.0348,0.0104,0.0034,0.0146,0.0283,0.0247,0.0107,0.0018,0.0005,0.004,0.0089,0.0151,0.0094,0.0036,0.0001
2024-03-16,POR,Porto,Vizela,0.0,0.0,0.0007,0.0006,0.006,0.0264,0.1008,0.2259,0.2412,0.1792,0.1147,0.0604,0.0439,0.0342,0.0149,0.1263,0.0043,0.0458,0.1546,0.0004,0.009,0.0796,0.1221,0.0007,0.0012,0.0166,0.0735,0.0809,0.0,0.0002,0.002,0.0168,0.0488,0.0486,0.0,0.0,0.0,0.0036,0.0117,0.0294,0.0221
2024-03-16,POR,Famalicao,Estrela Amadora,0.0002,0.0009,0.0027,0.0219,0.0563,0.1399,0.2765,0.249,0.1515,0.0656,0.0251,0.008,0.0024,0.0814,0.0643,0.121,0.0324,0.1276,0.0945,0.0148,0.0577,0.0986,0.0426,0.0018,0.0183,0.0567,0.0463,0.0186,0.0007,0.0067,0.0164,0.0263,0.0197,0.0072,0.0,0.0009,0.0052,0.0101,0.0094,0.006,0.0011
2024-03-16,POR,Braga,Gil Vicente,0.0,0.0005,0.0025,0.0058,0.029,0.0782,0.1883,0.2641,0.194,0.1321,0.0645,0.0281,0.0128,0.0459,0.0324,0.1218,0.0148,0.0883,0.1141,0.0037,0.035,0.1026,0.0892,0.002,0.0099,0.0456,0.0601,0.0467,0.0005,0.0011,0.0087,0.0338,0.0375,0.0211,0.0,0.0005,0.0031,0.0078,0.0166,0.0163,0.0077
2024-03-16,POR,Farense,Rio Ave,0.0007,0.0013,0.0068,0.0268,0.078,0.1793,0.3021,0.2241,0.1211,0.0423,0.0133,0.0038,0.0003,0.0948,0.0881,0.1098,0.0413,0.1493,0.0775,0.0185,0.0701,0.0883,0.0314,0.0053,0.0315,0.0466,0.0358,0.0102,0.0012,0.007,0.0197,0.0239,0.0099,0.0027,0.0007,0.0013,0.0051,0.0099,0.0076,0.0028,0.0003
2024-03-16,ROM,CFR Cluj,Craiova,0.0006,0.0017,0.0052,0.0182,0.066,0.162,0.2938,0.2317,0.1341,0.0585,0.0196,0.0066,0.0019,0.0829,0.078,0.114,0.0438,0.1464,0.0859,0.0125,0.0604,0.0937,0.0404,0.0044,0.0181,0.0553,0.042,0.0134,0.001,0.0052,0.0217,0.0213,0.0153,0.0058,0.0002,0.0007,0.0041,0.0082,0.0042,0.0059,0.0013
2024-03-16,ROM,Otelul Galati,Iasi,0.0008,0.0012,0.0057,0.0248,0.0702,0.1674,0.2955,0.236,0.1333,0.045,0.0143,0.0042,0.0016,0.0986,0.0815,0.1143,0.0422,0.1358,0.0795,0.0159,0.0692,0.0942,0.0333,0.0044,0.0245,0.0502,0.0456,0.0097,0.0009,0.0077,0.0149,0.0238,0.0097,0.0037,0.0002,0.0012,0.0033,0.0103,0.007,0.0038,0.0011
2024-03-16,SCO,Celtic,St Johnstone,0.0,0.0,0.0003,0.0016,0.0075,0.0343,0.1239,0.2379,0.2319,0.1673,0.1069,0.0547,0.0335,0.0363,0.0162,0.1188,0.0054,0.0602,0.1457,0.0007,0.013,0.0937,0.1132,0.0003,0.0019,0.0229,0.0709,0.0772,0.0,0.0006,0.0043,0.0211,0.0463,0.0438,0.0,0.0,0.0001,0.0042,0.0138,0.0262,0.0181
2024-03-16,SCO,Motherwell,Aberdeen,0.0006,0.0011,0.0072,0.0273,0.076,0.1606,0.2783,0.2253,0.1319,0.0629,0.0199,0.0073,0.0015,0.065,0.0695,0.0992,0.0423,0.1393,0.0716,0.0193,0.0666,0.0922,0.0405,0.0059,0.0285,0.0606,0.0478,0.0141,0.0007,0.0064,0.0208,0.0299,0.0174,0.0056,0.0005,0.0011,0.0045,0.0125,0.0106,0.0053,0.0007
2024-03-16,SCO,Hibernian,Livingston,0.0,0.001,0.0029,0.0086,0.0358,0.1023,0.2139,0.2595,0.1893,0.1032,0.0529,0.0207,0.0098,0.0609,0.0436,0.1284,0.0191,0.0952,0.1119,0.0058,0.0447,0.0968,0.0736,0.0023,0.0138,0.0499,0.0614,0.0379,0.001,0.0021,0.0129,0.0299,0.0257,0.0142,0.0,0.0006,0.0025,0.0068,0.015,0.0136,0.0059
2024-03-16,SCO,Kilmarnock,St Mirren,0.0005,0.0011,0.0048,0.0222,0.0689,0.1714,0.3102,0.2364,0.1245,0.043,0.0127,0.0031,0.0012,0.1143,0.0913,0.1266,0.0419,0.1414,0.0806,0.015,0.0667,0.0878,0.0336,0.0039,0.0237,0.046,0.0383,0.0091,0.0009,0.0064,0.0121,0.0198,0.008,0.0028,0.0002,0.0008,0.0032,0.008,0.0049,0.003,0.0009
2024-03-16,SCO,Ross County,Hearts,0.0053,0.0127,0.0412,0.0875,0.1669,0.2455,0.2429,0.1333,0.0449,0.0145,0.0041,0.0003,0.0007,0.075,0.1124,0.0606,0.0931,0.1098,0.0248,0.06,0.0962,0.0554,0.0081,0.0289,0.0615,0.0445,0.0155,0.0026,0.0097,0.0225,0.0311,0.0153,0.005,0.0003,0.0032,0.0093,0.0115,0.0119,0.0045,0.0009,0.0007
2024-03-16,SRB,Novi Sad,Novi Pazar,0.0,0.0007,0.003,0.0192,0.0486,0.1312,0.2713,0.2497,0.154,0.0775,0.0328,0.0086,0.0034,0.0828,0.062,0.1179,0.0281,0.1222,0.0946,0.0127,0.0524,0.1007,0.0498,0.0019,0.0166,0.0553,0.05,0.0237,0.0006,0.006,0.0146,0.025,0.0234,0.0071,0.0,0.001,0.0036,0.0103,0.0078,0.0079,0.0023
2024-03-16,SRB,Zlatibor,Backa Topola,0.0047,0.0112,0.0375,0.0821,0.1582,0.244,0.2555,0.1344,0.0495,0.018,0.0038,0.0008,0.0005,0.0795,0.1117,0.064,0.0894,0.1164,0.0264,0.0545,0.0948,0.0532,0.0111,0.0272,0.0574,0.045,0.0183,0.0028,0.0074,0.0226,0.0309,0.0147,0.0056,0.0004,0.0026,0.0083,0.0107,0.0126,0.0043,0.0006,0.0004
2024-03-16,SRB,Vozdovac Beograd,Cukaricki,0.0037,0.0069,0.0196,0.0555,0.1246,0.2308,0.2726,0.1758,0.0729,0.0253,0.0097,0.0025,0.0002,0.0791,0.109,0.0835,0.0708,0.1289,0.0449,0.0364,0.0924,0.071,0.017,0.0153,0.0465,0.0495,0.0225,0.0072,0.0062,0.0159,0.0257,0.0192,0.0073,0.002,0.0031,0.0037,0.0064,0.0145,0.0054,0.0018,0.0
2024-03-16,SRB,Radnik Surdulica,IMT,0.0004,0.0007,0.0051,0.0224,0.0694,0.1675,0.3086,0.2368,0.1243,0.0469,0.013,0.004,0.0008,0.108,0.0907,0.1291,0.0457,0.148,0.0797,0.0169,0.0623,0.0865,0.0349,0.0043,0.0212,0.0453,0.0381,0.0099,0.0005,0.0048,0.0129,0.0191,0.0101,0.0034,0.0002,0.0007,0.0023,0.007,0.0056,0.0028,0.0005
2024-03-16,SUI,Grasshoppers,StGallen,0.0006,0.0024,0.0089,0.0406,0.0949,0.1953,0.2829,0.2081,0.102,0.0447,0.0141,0.0047,0.0006,0.0802,0.0791,0.0888,0.0495,0.127,0.0591,0.029,0.0799,0.0842,0.0334,0.0066,0.0368,0.0609,0.0348,0.0103,0.0019,0.0107,0.0299,0.0304,0.0088,0.0032,0.0003,0.0022,0.0072,0.0129,0.0065,0.0038,0.0006
2024-03-16,SUI,Basel,Winterthur,0.0007,0.0018,0.0067,0.0235,0.0718,0.1597,0.2773,0.2243,0.1349,0.066,0.0228,0.0083,0.0022,0.0623,0.067,0.0969,0.0415,0.1385,0.0761,0.0159,0.0641,0.0947,0.0419,0.0056,0.0245,0.063,0.0479,0.0152,0.001,0.0064,0.0251,0.0286,0.0192,0.0067,0.0004,0.0009,0.0054,0.0121,0.0081,0.0071,0.0013
2024-03-16,SUI,Lugano,Yverdon Sport,0.0,0.0011,0.0045,0.0112,0.0388,0.1139,0.2104,0.2424,0.1864,0.1037,0.0549,0.0208,0.0118,0.0512,0.0443,0.1026,0.0207,0.0919,0.1022,0.0071,0.0478,0.1004,0.0663,0.0034,0.0143,0.0542,0.0655,0.0354,0.0011,0.0033,0.0179,0.0328,0.0322,0.0143,0.0,0.0012,0.0033,0.0114,0.018,0.0177,0.0062
2024-03-16,SVN,Domzale,Aluminij,0.0007,0.0021,0.0055,0.0206,0.0649,0.1574,0.2784,0.228,0.1424,0.0649,0.0242,0.0083,0.0025,0.067,0.0663,0.102,0.0387,0.137,0.0848,0.0137,0.0637,0.096,0.0422,0.0043,0.02,0.0616,0.0484,0.0161,0.0013,0.0063,0.025,0.0267,0.019,0.0071,0.0002,0.0011,0.006,0.0112,0.0066,0.0077,0.0016
2024-03-16,SVN,Bravo,Olimpija Ljubljana,0.0031,0.0054,0.0191,0.0549,0.1259,0.2342,0.2805,0.1768,0.0685,0.0226,0.0075,0.0013,0.0001,0.0932,0.1195,0.0899,0.0761,0.1312,0.0441,0.037,0.0895,0.0682,0.0159,0.0147,0.0435,0.045,0.0199,0.0061,0.0049,0.0154,0.0221,0.0167,0.0064,0.0011,0.0024,0.0037,0.0056,0.0107,0.0043,0.0013,0.0001
2024-03-16,TUR,Besiktas,Antalyaspor,0.0,0.0007,0.003,0.0172,0.0447,0.1316,0.2767,0.2498,0.154,0.0781,0.0331,0.0078,0.0033,0.0908,0.0652,0.1233,0.0268,0.1244,0.0972,0.012,0.0514,0.0984,0.0519,0.0019,0.015,0.0517,0.0492,0.0243,0.0006,0.0049,0.0131,0.0222,0.0224,0.0063,0.0,0.0011,0.0028,0.0091,0.006,0.0078,0.0025
2024-03-16,TUR,Ankaraguecue,Bueyueksehir,0.0018,0.0066,0.0153,0.0449,0.1118,0.2294,0.291,0.1823,0.079,0.0258,0.0088,0.0031,0.0002,0.0968,0.1158,0.0984,0.0713,0.1352,0.0509,0.0315,0.0886,0.0671,0.0197,0.013,0.0353,0.0482,0.0233,0.0061,0.0061,0.0114,0.0229,0.0155,0.0047,0.0022,0.0017,0.0021,0.0047,0.0101,0.0048,0.0019,0.0
2024-03-16,TUR,Adana Demirspor,Sivasspor,0.0004,0.0014,0.0035,0.0227,0.0574,0.1448,0.2699,0.2379,0.1556,0.0677,0.0271,0.0088,0.0027,0.0688,0.0597,0.1096,0.0305,0.1274,0.0928,0.0157,0.0638,0.0963,0.0435,0.0022,0.0194,0.0605,0.0509,0.0194,0.0012,0.0066,0.0199,0.0292,0.0209,0.0076,0.0,0.0013,0.0069,0.012,0.0102,0.0072,0.0013
2024-03-16,TUR,Alanyaspor,Kayseri,0.0008,0.0024,0.0056,0.0227,0.0639,0.1525,0.2652,0.2239,0.15,0.0705,0.0289,0.0102,0.0033,0.0547,0.0563,0.0914,0.0337,0.127,0.0829,0.0148,0.066,0.0964,0.0433,0.004,0.0216,0.0667,0.0541,0.0187,0.0016,0.0072,0.0277,0.0323,0.0227,0.0085,0.0002,0.0016,0.0082,0.0145,0.0096,0.0096,0.0019
2024-03-16,UKR,Kryvbas,Kolos,0.0003,0.0005,0.0045,0.0207,0.0683,0.1689,0.3193,0.2383,0.1175,0.0457,0.0119,0.0034,0.0005,0.1185,0.0984,0.1404,0.0468,0.1539,0.0797,0.0167,0.0582,0.0806,0.0349,0.004,0.0194,0.0412,0.0328,0.0095,0.0004,0.0035,0.0111,0.016,0.0092,0.003,0.0002,0.0005,0.0019,0.0053,0.0044,0.0022,0.0003
2024-03-16,UKR,Obolon Kyiv,Polissya Zhytomyr,0.0007,0.0034,0.0137,0.047,0.106,0.2118,0.291,0.1998,0.0847,0.0296,0.0105,0.0019,0.0,0.0897,0.1029,0.102,0.0658,0.1383,0.0515,0.0317,0.0854,0.0735,0.0223,0.0108,0.0337,0.053,0.0256,0.0081,0.0031,0.0132,0.0188,0.022,0.0065,0.0016,0.0001,0.0023,0.0055,0.008,0.0068,0.0022,0.0
2024-03-16,UKR,Metalist 1925,Rukh Lviv,0.0031,0.0055,0.0199,0.0558,0.1272,0.2332,0.2798,0.176,0.0685,0.0225,0.0071,0.0011,0.0002,0.0934,0.1182,0.0896,0.0777,0.1301,0.0438,0.0373,0.0894,0.0676,0.016,0.0151,0.0429,0.0458,0.0202,0.0057,0.0049,0.0161,0.0226,0.0165,0.0062,0.001,0.0022,0.0039,0.0059,0.0101,0.0044,0.0013,0.0002
2024-03-17,AUT,Salzburg,Hartberg,0.0,0.0,0.0003,0.0031,0.0185,0.0589,0.1777,0.277,0.2147,0.1386,0.0666,0.0299,0.0146,0.053,0.0215,0.128,0.0088,0.0792,0.1282,0.0027,0.0285,0.1121,0.0957,0.0003,0.008,0.0379,0.0703,0.0481,0.0,0.0004,0.0085,0.0333,0.0356,0.025,0.0,0.0,0.0016,0.0067,0.0147,0.0165,0.0087
2024-03-17,AUT,Klagenfurt,Sturm Graz,0.0058,0.0104,0.0297,0.0707,0.1513,0.2271,0.2706,0.1498,0.0605,0.0189,0.0038,0.0015,0.0,0.085,0.1064,0.0726,0.0887,0.1176,0.0348,0.0466,0.0897,0.0559,0.012,0.0202,0.049,0.0563,0.0203,0.0032,0.0072,0.02,0.0267,0.0182,0.0062,0.0006,0.0024,0.0086,0.0126,0.0108,0.005,0.0003,0.0
2024-03-17,BEL,Antwerp,St Gillis,0.0011,0.0033,0.014,0.0475,0.107,0.2121,0.2828,0.1929,0.0919,0.0333,0.0121,0.0018,0.0001,0.0794,0.1008,0.093,0.0641,0.1365,0.0533,0.0338,0.0827,0.078,0.0234,0.01,0.0352,0.0534,0.0312,0.0092,0.0027,0.0113,0.023,0.0192,0.0088,0.0014,0.0004,0.003,0.0065,0.0113,0.0067,0.0027,0.0001
2024-03-17,BEL,Gent,Charleroi,0.0004,0.0007,0.0025,0.0149,0.0443,0.1218,0.2487,0.256,0.164,0.0862,0.0408,0.0133,0.0064,0.0727,0.0533,0.116,0.0274,0.1118,0.0961,0.009,0.0491,0.1054,0.0592,0.0018,0.0129,0.0544,0.058,0.0286,0.0007,0.0055,0.016,0.0287,0.0205,0.0091,0.0004,0.0007,0.0037,0.0081,0.0085,0.0108,0.0041
2024-03-17,BEL,Cercle Brugge,Molenbeek,0.0,0.0005,0.0025,0.0059,0.0292,0.079,0.1909,0.2654,0.1932,0.1302,0.0635,0.0273,0.0124,0.0476,0.033,0.1243,0.015,0.0893,0.1147,0.0038,0.0354,0.1025,0.0886,0.002,0.0101,0.0458,0.0591,0.0461,0.0005,0.0011,0.0087,0.0331,0.0363,0.0205,0.0,0.0005,0.003,0.0075,0.0164,0.0159,0.0075
2024-03-17,BEL,St Truiden,Brugge,0.0051,0.0153,0.042,0.09,0.1728,0.252,0.2432,0.1234,0.0404,0.0111,0.0042,0.0002,0.0002,0.0785,0.1223,0.0556,0.1007,0.1093,0.0235,0.0605,0.0947,0.0542,0.0073,0.0303,0.0569,0.0478,0.0141,0.0022,0.0105,0.0266,0.0301,0.0124,0.0036,0.0002,0.0029,0.0095,0.0141,0.0066,0.0028,0.0013,0.0002
2024-03-17,BEL,Westerlo,Genk,0.0057,0.0099,0.0326,0.0729,0.1391,0.2231,0.2487,0.1618,0.0719,0.0266,0.0065,0.0009,0.0004,0.0586,0.0884,0.0636,0.076,0.1116,0.0373,0.0392,0.0917,0.067,0.0169,0.0195,0.049,0.0617,0.0261,0.0049,0.0079,0.0283,0.0367,0.0244,0.0091,0.0006,0.0029,0.0091,0.0121,0.0157,0.0082,0.0016,0.0004
2024-03-17,BEL,Leuven,Mechelen,0.0015,0.0034,0.0137,0.0469,0.1061,0.2064,0.2816,0.1894,0.0972,0.0377,0.0132,0.0025,0.0002,0.0727,0.0934,0.0865,0.0605,0.1364,0.0545,0.0344,0.0802,0.0809,0.0252,0.0089,0.0367,0.056,0.0347,0.01,0.0024,0.0098,0.0269,0.0189,0.0109,0.0016,0.0009,0.0035,0.0076,0.0146,0.0073,0.003,0.0002
2024-03-17,BUL,CSKA Sofia,Botev Plovdiv,0.0,0.0002,0.0019,0.0042,0.0264,0.0781,0.1978,0.2836,0.2016,0.1223,0.0531,0.0221,0.0086,0.0613,0.0398,0.1474,0.017,0.0941,0.1302,0.0033,0.0301,0.1061,0.0893,0.0015,0.0072,0.0367,0.0601,0.0408,0.0002,0.0006,0.0071,0.026,0.0288,0.018,0.0,0.0003,0.0018,0.0055,0.0098,0.0114,0.0056
2024-03-17,BUL,Hebar,Arda,0.0015,0.0058,0.0149,0.0454,0.1083,0.2278,0.2914,0.1842,0.0804,0.0279,0.0095,0.0025,0.0001,0.0953,0.1124,0.0963,0.0668,0.1358,0.0498,0.0317,0.0901,0.0673,0.0215,0.0119,0.0367,0.0495,0.0246,0.0067,0.0054,0.0114,0.0229,0.0192,0.005,0.0014,0.0012,0.0027,0.0045,0.0096,0.0058,0.0023,0.0001
2024-03-17,BUL,Levski Krumovgrad,Blagoevgrad,0.0002,0.0007,0.0023,0.015,0.0436,0.1293,0.277,0.2566,0.1546,0.0758,0.0326,0.0089,0.0032,0.0972,0.0652,0.1334,0.0285,0.1232,0.101,0.0102,0.0509,0.0967,0.0531,0.0016,0.0122,0.0486,0.047,0.0249,0.0007,0.0045,0.0118,0.0224,0.0191,0.0067,0.0002,0.0006,0.0027,0.0071,0.0053,0.0069,0.0024
2024-03-17,CRO,Istra 1961,HNK Gorica,0.0005,0.0008,0.0054,0.0235,0.0696,0.1667,0.3023,0.2366,0.1291,0.0464,0.0135,0.0043,0.0011,0.1036,0.0862,0.1224,0.0447,0.1428,0.0798,0.0167,0.065,0.0903,0.0341,0.0044,0.0221,0.0473,0.0419,0.0099,0.0006,0.0058,0.0139,0.0211,0.0102,0.0037,0.0002,0.0009,0.0025,0.0082,0.0064,0.0032,0.0007
2024-03-17,CRO,Rudes Zagreb,Dinamo Zagreb,0.0255,0.0391,0.0796,0.15,0.2316,0.2428,0.1555,0.0588,0.0138,0.003,0.0002,0.0001,0.0,0.0529,0.1336,0.0277,0.1462,0.0731,0.0099,0.1045,0.0858,0.0239,0.0025,0.0595,0.0703,0.0256,0.0031,0.0002,0.0303,0.0406,0.0204,0.0066,0.0004,0.0,0.0127,0.0174,0.0138,0.0032,0.0007,0.0,0.0
2024-03-17,CZE,Sparta Praha,Hradec Kralove,0.0,0.0,0.0002,0.0036,0.0101,0.0436,0.1224,0.2425,0.2199,0.1651,0.1093,0.0534,0.0298,0.0303,0.0176,0.1063,0.0069,0.0609,0.1265,0.002,0.0177,0.1024,0.1074,0.0002,0.0031,0.0256,0.0748,0.0774,0.0,0.001,0.0068,0.0273,0.0478,0.0412,0.0,0.0,0.0002,0.0055,0.0162,0.0281,0.0161
2024-03-17,CZE,Slavia Praha,Slovan Liberec,0.0,0.0,0.0002,0.0036,0.0097,0.0421,0.1187,0.2361,0.2185,0.1673,0.1133,0.0571,0.0335,0.0277,0.0164,0.0996,0.0064,0.0588,0.1227,0.0019,0.0171,0.1012,0.1064,0.0002,0.003,0.0261,0.0757,0.0789,0.0,0.0011,0.007,0.0282,0.05,0.0435,0.0,0.0,0.0002,0.0059,0.0174,0.0301,0.0177
2024-03-17,CZE,Jablonec,Viktoria Plzen,0.0054,0.0119,0.041,0.0868,0.1645,0.2431,0.243,0.1361,0.0467,0.016,0.004,0.0004,0.0009,0.0733,0.1086,0.0618,0.0902,0.11,0.0252,0.0594,0.0966,0.0556,0.0086,0.0285,0.0629,0.0437,0.0162,0.0027,0.0093,0.0214,0.0317,0.0164,0.0056,0.0004,0.0033,0.0093,0.0107,0.0139,0.0051,0.0007,0.0009
2024-03-17,CZE,Pardubice,Banik Ostrava,0.0011,0.0019,0.0084,0.0393,0.0946,0.1844,0.316,0.2042,0.0958,0.0393,0.0104,0.004,0.0004,0.0956,0.0881,0.1026,0.056,0.1525,0.0603,0.0299,0.0723,0.0785,0.0283,0.0058,0.0317,0.0559,0.0276,0.0085,0.0014,0.0079,0.021,0.0206,0.0097,0.0027,0.0008,0.002,0.0059,0.0112,0.0071,0.0018,0.0004
2024-03-17,DEN,Aarhus,Hvidovre,0.0,0.0007,0.0019,0.0061,0.031,0.083,0.2147,0.2814,0.189,0.1078,0.0539,0.0213,0.0091,0.067,0.0382,0.1477,0.0177,0.0955,0.1196,0.0048,0.0358,0.1047,0.0808,0.0015,0.011,0.0464,0.0544,0.039,0.0007,0.0007,0.0084,0.0255,0.0228,0.0149,0.0,0.0003,0.0019,0.0048,0.0137,0.0133,0.0066
2024-03-17,DEN,Odense,FC Kobenhavn,0.0067,0.0177,0.0472,0.0949,0.1745,0.2446,0.2312,0.1228,0.0422,0.0128,0.0049,0.0003,0.0004,0.0651,0.107,0.0508,0.0939,0.1041,0.0226,0.0611,0.0962,0.0553,0.0076,0.0323,0.0626,0.0507,0.0156,0.0025,0.0118,0.0294,0.0349,0.015,0.0045,0.0003,0.0036,0.0115,0.0165,0.0096,0.0039,0.0015,0.0004
2024-03-17,DEN,Lyngby,Viborg,0.0026,0.0086,0.0181,0.0497,0.1174,0.2266,0.277,0.1766,0.0809,0.0274,0.0103,0.0043,0.0003,0.0791,0.1038,0.0878,0.0706,0.1295,0.0493,0.0328,0.0918,0.07,0.0196,0.0153,0.0395,0.0539,0.0257,0.0067,0.0078,0.0141,0.0282,0.0171,0.0056,0.0031,0.0025,0.0025,0.0064,0.0139,0.0059,0.0023,0.0
2024-03-17,DEN,Brondby,Silkeborg,0.0003,0.0005,0.0034,0.0152,0.044,0.1193,0.2325,0.2511,0.17,0.0927,0.0464,0.0152,0.0094,0.0593,0.0479,0.1021,0.0252,0.1039,0.0918,0.009,0.0466,0.1098,0.0612,0.0023,0.0144,0.0573,0.0649,0.0293,0.0005,0.0057,0.0194,0.0308,0.0233,0.0104,0.0003,0.0011,0.0041,0.0099,0.0121,0.0148,0.0056
2024-03-17,DEN,Midtjylland,Vejle,0.0,0.0,0.0008,0.0033,0.0209,0.0628,0.1764,0.2743,0.2129,0.1379,0.0659,0.0302,0.0144,0.0495,0.0247,0.1241,0.0111,0.0803,0.1254,0.0029,0.0284,0.1118,0.0944,0.0007,0.0078,0.0387,0.0714,0.0473,0.0,0.0004,0.0089,0.0335,0.0361,0.0249,0.0,0.0001,0.0019,0.0072,0.0143,0.0166,0.0087
2024-03-17,DEN,Nordsjaelland,Randers,0.0001,0.0007,0.0041,0.013,0.0413,0.121,0.2334,0.2521,0.1747,0.092,0.0448,0.0143,0.0084,0.0656,0.0529,0.1099,0.0253,0.1034,0.1015,0.0085,0.0462,0.1092,0.0609,0.003,0.0127,0.0528,0.0598,0.0282,0.0007,0.0041,0.0172,0.0266,0.0253,0.0105,0.0001,0.0011,0.0031,0.0101,0.0128,0.0149,0.0051
2024-03-17,ENG,Everton,Liverpool,0.0117,0.0248,0.0482,0.1091,0.1905,0.2513,0.215,0.0992,0.0378,0.0085,0.0033,0.0004,0.0,0.0522,0.111,0.0446,0.1031,0.0964,0.0217,0.0652,0.1056,0.0373,0.005,0.0331,0.0687,0.0502,0.0123,0.0016,0.0191,0.0369,0.0288,0.0139,0.0028,0.0001,0.006,0.0134,0.0161,0.0143,0.0037,0.0017,0.0
2024-03-17,ENG,Leeds,Millwall,0.0,0.0001,0.0017,0.0037,0.025,0.0712,0.1816,0.2764,0.2099,0.1314,0.06,0.0273,0.0116,0.0504,0.0338,0.1297,0.0158,0.0867,0.127,0.0031,0.0279,0.1111,0.0921,0.0014,0.0069,0.0376,0.0697,0.0444,0.0,0.0005,0.0084,0.03,0.0331,0.0221,0.0,0.0003,0.002,0.0067,0.0112,0.0142,0.0073
2024-03-17,ENG,West Ham,Aston Villa,0.0012,0.0027,0.0096,0.0424,0.0975,0.1862,0.291,0.2036,0.101,0.0451,0.0134,0.0055,0.0007,0.0745,0.0742,0.0865,0.0504,0.1356,0.0575,0.0302,0.0774,0.0831,0.0317,0.0065,0.0372,0.0642,0.0331,0.0101,0.0019,0.0106,0.0288,0.0294,0.011,0.0035,0.0008,0.0025,0.0082,0.0151,0.0088,0.0032,0.0007
2024-03-17,ENG,Brighton,Man City,0.0189,0.0247,0.064,0.1276,0.1937,0.2403,0.1945,0.0943,0.031,0.0094,0.0013,0.0001,0.0001,0.0448,0.0976,0.042,0.0914,0.0849,0.0153,0.0716,0.0991,0.0363,0.0064,0.0437,0.0778,0.0475,0.0117,0.0006,0.018,0.0463,0.0368,0.0146,0.0024,0.0001,0.0094,0.0181,0.0209,0.0136,0.0036,0.0007,0.0001
2024-03-17,ESP,Atletico,Barcelona,0.0012,0.0016,0.0071,0.0289,0.0738,0.1632,0.2757,0.2309,0.1393,0.0513,0.0187,0.0055,0.0025,0.0729,0.0681,0.0952,0.0392,0.1272,0.0741,0.0166,0.0726,0.0981,0.0353,0.0051,0.0292,0.0594,0.0529,0.0115,0.0013,0.0101,0.0195,0.0314,0.0128,0.0047,0.0003,0.0018,0.0051,0.0152,0.0101,0.0057,0.0016
2024-03-17,ESP,Sevilla,Celta,0.0,0.0007,0.0031,0.0199,0.0495,0.1304,0.2671,0.2483,0.1548,0.0793,0.034,0.0091,0.0038,0.0776,0.0596,0.1134,0.028,0.1203,0.093,0.0129,0.0528,0.1016,0.0499,0.0019,0.0172,0.0572,0.0514,0.0243,0.0006,0.0065,0.0155,0.0266,0.0246,0.0076,0.0,0.0011,0.004,0.0111,0.0087,0.0085,0.0025
2024-03-17,ESP,Zaragoza,Espanyol,0.0007,0.0026,0.0116,0.0431,0.1032,0.2153,0.2963,0.1973,0.088,0.0302,0.0102,0.0014,0.0001,0.0977,0.1138,0.1053,0.0666,0.1418,0.0553,0.0323,0.0792,0.0745,0.0223,0.0088,0.031,0.0471,0.0273,0.0081,0.0022,0.0092,0.0185,0.0157,0.0071,0.0011,0.0003,0.0022,0.0049,0.0083,0.005,0.002,0.0001
2024-03-17,ESP,Las Palmas,Almeria,0.0001,0.0005,0.0035,0.0125,0.0413,0.123,0.2467,0.2591,0.1711,0.0854,0.0386,0.0117,0.0064,0.0793,0.0593,0.1238,0.0268,0.1096,0.1054,0.0085,0.0454,0.1073,0.0598,0.0026,0.0118,0.0488,0.0553,0.0259,0.0005,0.0037,0.0148,0.0231,0.021,0.0088,0.0001,0.0009,0.0025,0.0078,0.0099,0.0116,0.004
2024-03-17,ESP,Elche,Albacete,0.0,0.0008,0.0038,0.0101,0.0379,0.1213,0.2377,0.2591,0.1802,0.089,0.0405,0.0131,0.0065,0.0793,0.0597,0.1322,0.0243,0.1045,0.1151,0.0072,0.0459,0.1006,0.0628,0.003,0.0115,0.0455,0.0538,0.0282,0.0008,0.0024,0.0132,0.0226,0.0234,0.01,0.0,0.0008,0.002,0.0075,0.0111,0.0115,0.0039
2024-03-17,ESP,Ferrol,Valladolid,0.0009,0.0027,0.012,0.044,0.1041,0.2152,0.292,0.1947,0.0903,0.0315,0.0108,0.0015,0.0001,0.092,0.1113,0.101,0.0659,0.1407,0.0554,0.0331,0.0795,0.0761,0.0228,0.0088,0.0321,0.0482,0.0292,0.0086,0.0022,0.0091,0.0203,0.0156,0.0078,0.0011,0.0004,0.0025,0.0053,0.0096,0.0053,0.0022,0.0001
2024-03-17,ESP,Rayo Vallecano,Betis,0.0008,0.0014,0.007,0.0358,0.0905,0.1863,0.3307,0.2075,0.0921,0.0356,0.0088,0.0031,0.0003,0.1158,0.0986,0.1146,0.0577,0.1571,0.0621,0.0284,0.0687,0.0745,0.0269,0.0051,0.0278,0.0489,0.0242,0.0074,0.0011,0.0064,0.0169,0.0166,0.0078,0.0022,0.0006,0.0015,0.0044,0.0084,0.0053,0.0013,0.0003
2024-03-17,ESP,Villarreal,Valencia,0.0007,0.0021,0.0054,0.0211,0.0644,0.1561,0.2755,0.2275,0.1445,0.066,0.0252,0.0087,0.0027,0.0645,0.0641,0.1002,0.0374,0.1349,0.0849,0.014,0.0644,0.0961,0.0425,0.0042,0.0203,0.0626,0.0496,0.0167,0.0014,0.0064,0.0254,0.0278,0.0198,0.0074,0.0002,0.0012,0.0065,0.0118,0.0072,0.008,0.0016
2024-03-17,ESP,Leganes,Mirandes,0.0003,0.0004,0.0023,0.0135,0.0435,0.1234,0.2607,0.2632,0.1622,0.0799,0.0349,0.0103,0.0052,0.0878,0.0605,0.1306,0.0285,0.1169,0.1004,0.0088,0.0462,0.1047,0.0585,0.0017,0.012,0.0489,0.054,0.0251,0.0004,0.0045,0.014,0.0234,0.0166,0.0075,0.0003,0.0006,0.0028,0.0061,0.007,0.0088,0.0034
2024-03-17,FRA,Reims,Metz,0.0,0.0005,0.0021,0.0193,0.0523,0.1355,0.2882,0.259,0.1469,0.0636,0.0236,0.0068,0.002,0.1017,0.0711,0.1364,0.0329,0.1281,0.0974,0.0132,0.0507,0.098,0.0431,0.0015,0.0159,0.0502,0.0415,0.0182,0.0004,0.0058,0.0123,0.0215,0.0177,0.0061,0.0,0.0006,0.0033,0.0077,0.0072,0.0049,0.0011
2024-03-17,FRA,Rennes,Marseille,0.0012,0.0026,0.0094,0.0421,0.0971,0.1853,0.2944,0.2037,0.1005,0.0446,0.013,0.0054,0.0007,0.0767,0.0755,0.0884,0.051,0.1381,0.0579,0.0302,0.0768,0.0826,0.0314,0.0064,0.0366,0.0635,0.0323,0.0099,0.0018,0.0103,0.0278,0.0283,0.0109,0.0034,0.0008,0.0024,0.0079,0.0147,0.0087,0.0029,0.0007
2024-03-17,FRA,Montpellier,Paris SG,0.02,0.0284,0.0628,0.1266,0.1933,0.2355,0.1944,0.093,0.0337,0.0095,0.0024,0.0003,0.0001,0.0392,0.0897,0.0378,0.0887,0.0833,0.0165,0.0681,0.1003,0.0364,0.0059,0.0411,0.0778,0.0512,0.0125,0.001,0.0203,0.0477,0.0375,0.016,0.0029,0.0001,0.0094,0.019,0.0225,0.0165,0.0043,0.0014,0.0001
2024-03-17,FRA,Monaco,Lorient,0.0003,0.0007,0.0043,0.0158,0.0433,0.1165,0.2149,0.2402,0.173,0.1015,0.0563,0.0198,0.0134,0.0438,0.0395,0.0834,0.0224,0.0922,0.0844,0.0087,0.046,0.1087,0.0606,0.0028,0.0152,0.0617,0.0699,0.032,0.0007,0.0063,0.0229,0.0362,0.0296,0.0128,0.0003,0.0016,0.0052,0.0137,0.017,0.0204,0.0074
2024-03-17,FRA,Brest,Lille,0.0006,0.0013,0.0061,0.0339,0.0874,0.1873,0.3336,0.2109,0.0917,0.0354,0.0086,0.0029,0.0003,0.1254,0.1007,0.1188,0.0562,0.1537,0.0634,0.0271,0.0682,0.0738,0.0278,0.0047,0.0267,0.0467,0.0234,0.0072,0.001,0.0061,0.0163,0.0167,0.0067,0.0021,0.0004,0.0012,0.0039,0.0073,0.0044,0.0014,0.0003
2024-03-17,FRA,Clermont,Le Havre,0.0003,0.0008,0.0069,0.0258,0.0767,0.1893,0.3243,0.2192,0.1083,0.0358,0.0097,0.0027,0.0001,0.1286,0.1077,0.1224,0.0489,0.1475,0.0726,0.0199,0.0646,0.0779,0.028,0.0053,0.0243,0.0416,0.0306,0.0077,0.0007,0.0053,0.0156,0.0167,0.0072,0.0022,0.0003,0.0015,0.0033,0.0059,0.0048,0.0019,0.0001
2024-03-17,GER,Dortmund,Frankfurt,0.0,0.0012,0.0032,0.009,0.0358,0.0933,0.1956,0.2471,0.1919,0.1133,0.0655,0.0291,0.015,0.0436,0.0335,0.1044,0.0168,0.0847,0.1008,0.0056,0.043,0.0991,0.0751,0.0024,0.0151,0.056,0.0679,0.0431,0.0012,0.0022,0.0153,0.0368,0.0315,0.0182,0.0,0.0007,0.0034,0.009,0.0214,0.0197,0.0089
2024-03-17,GER,Hamburg,Wehen,0.0,0.0011,0.004,0.0106,0.0384,0.1128,0.2116,0.2457,0.188,0.103,0.0533,0.0204,0.011,0.0544,0.0452,0.1108,0.0202,0.0936,0.1055,0.0066,0.0484,0.0966,0.0685,0.003,0.0147,0.0526,0.0652,0.0365,0.0011,0.0031,0.0166,0.0326,0.0303,0.0141,0.0,0.0009,0.0031,0.0097,0.0166,0.0155,0.0056
2024-03-17,GER,Karlsruhe,Magdeburg,0.0005,0.0018,0.0043,0.0244,0.0598,0.1427,0.2574,0.2297,0.159,0.0738,0.0318,0.011,0.0037,0.0536,0.051,0.0933,0.0284,0.119,0.0865,0.016,0.0655,0.0972,0.0442,0.0024,0.0215,0.067,0.0565,0.0214,0.0015,0.0078,0.0243,0.0352,0.0251,0.0092,0.0001,0.0018,0.0092,0.0158,0.0132,0.0096,0.0017
2024-03-17,GER,Hertha,Schalke,0.0011,0.0029,0.0066,0.0231,0.0665,0.1537,0.2609,0.2194,0.1468,0.0733,0.0303,0.0114,0.0039,0.048,0.0531,0.0823,0.0347,0.1236,0.077,0.014,0.0649,0.0974,0.0429,0.0048,0.0228,0.0703,0.0554,0.0185,0.0017,0.008,0.0319,0.0344,0.0245,0.0092,0.0003,0.0016,0.0087,0.0162,0.0097,0.0111,0.0023
2024-03-17,GER,Freiburg,Leverkusen,0.0058,0.0139,0.0408,0.0861,0.1568,0.2386,0.2489,0.1281,0.0537,0.0214,0.0043,0.0014,0.0001,0.066,0.0972,0.056,0.0824,0.113,0.0254,0.0513,0.0947,0.052,0.0133,0.0292,0.0588,0.0511,0.0221,0.0031,0.0072,0.0286,0.0366,0.0162,0.0067,0.0006,0.0028,0.0099,0.0143,0.0154,0.0048,0.0006,0.0001
2024-03-17,HUN,MTK,Kisvarda,0.0008,0.0015,0.0061,0.0261,0.0738,0.1675,0.2891,0.2314,0.1312,0.0495,0.0168,0.0042,0.0019,0.0854,0.0772,0.1069,0.0397,0.1347,0.0766,0.016,0.0715,0.0937,0.0363,0.0047,0.0289,0.0557,0.0459,0.0111,0.0013,0.0087,0.0164,0.0269,0.0108,0.0037,0.0003,0.0013,0.005,0.0123,0.0073,0.0046,0.0014
2024-03-17,HUN,Ferencvaros,Puskas Akademia,0.0,0.0009,0.0025,0.0078,0.0343,0.0939,0.2117,0.2653,0.1897,0.1056,0.0555,0.0224,0.0104,0.0601,0.04,0.1309,0.0184,0.0937,0.1126,0.0055,0.0414,0.1008,0.0761,0.002,0.0132,0.0503,0.0602,0.0391,0.0009,0.0015,0.0117,0.0292,0.0249,0.015,0.0,0.0005,0.0023,0.0063,0.0157,0.0147,0.0068
2024-03-17,HUN,Debrecen,Zalaegerszegi,0.0004,0.0017,0.004,0.0218,0.0579,0.1512,0.2747,0.2333,0.154,0.0648,0.0256,0.0081,0.0023,0.0702,0.0628,0.1105,0.0316,0.1327,0.0935,0.0157,0.0667,0.0933,0.0432,0.0026,0.019,0.0592,0.0502,0.0182,0.0014,0.0057,0.0208,0.0275,0.0191,0.007,0.0001,0.0014,0.0069,0.0113,0.0086,0.007,0.0012
2024-03-17,ITA,Atalanta,Fiorentina,0.0007,0.0021,0.005,0.0227,0.0615,0.1509,0.2664,0.2268,0.1534,0.0693,0.0285,0.0097,0.003,0.0582,0.057,0.0967,0.032,0.1276,0.0869,0.0154,0.0669,0.0955,0.0436,0.0033,0.0209,0.0647,0.0538,0.0191,0.0016,0.0068,0.0252,0.0315,0.022,0.0081,0.0002,0.0016,0.0082,0.0138,0.0099,0.0088,0.0016
2024-03-17,ITA,Juventus,Genoa,0.0,0.0006,0.0016,0.0058,0.0305,0.0853,0.2281,0.292,0.1855,0.0996,0.0467,0.0172,0.007,0.0815,0.0428,0.166,0.0187,0.0997,0.1245,0.0048,0.0349,0.1021,0.0779,0.0014,0.0102,0.0424,0.0493,0.0351,0.0006,0.0006,0.0072,0.0213,0.0186,0.0124,0.0,0.0002,0.0014,0.0037,0.0109,0.0105,0.0053
2024-03-17,ITA,Inter,Napoli,0.0,0.001,0.003,0.0089,0.0363,0.1053,0.2149,0.2576,0.1891,0.1023,0.0519,0.0201,0.0096,0.0614,0.0449,0.1279,0.0194,0.0958,0.1118,0.0058,0.0459,0.0954,0.0726,0.0024,0.014,0.0497,0.0617,0.0374,0.001,0.0022,0.0134,0.03,0.026,0.0138,0.0,0.0006,0.0025,0.007,0.0147,0.0132,0.0055
2024-03-17,ITA,Roma,Sassuolo,0.0,0.0004,0.0027,0.0056,0.0287,0.0727,0.1716,0.2526,0.1978,0.1411,0.0734,0.0354,0.0179,0.0346,0.0269,0.1006,0.0137,0.079,0.105,0.0035,0.0327,0.1035,0.0887,0.002,0.0098,0.0473,0.0686,0.0501,0.0004,0.0011,0.0104,0.0393,0.0436,0.0258,0.0,0.0006,0.0037,0.01,0.0198,0.0208,0.01
2024-03-17,ITA,Verona,Milan,0.008,0.0211,0.04,0.0985,0.1877,0.2618,0.2287,0.103,0.0394,0.0079,0.0033,0.0004,0.0,0.0639,0.1272,0.0504,0.1117,0.1041,0.0246,0.063,0.1063,0.0375,0.0047,0.0284,0.0618,0.0477,0.0117,0.0017,0.0169,0.0306,0.0238,0.0122,0.0027,0.0001,0.0043,0.0103,0.0125,0.0119,0.0031,0.0016,0.0
2024-03-17,ITA,Ascoli,Lecco,0.0003,0.0008,0.0024,0.0157,0.0443,0.1276,0.268,0.2539,0.1568,0.08,0.0358,0.0103,0.0038,0.0868,0.0607,0.1249,0.0279,0.12,0.0989,0.0103,0.052,0.0988,0.0544,0.0017,0.0129,0.0518,0.0502,0.0267,0.0008,0.0051,0.0131,0.0251,0.0211,0.0076,0.0003,0.0007,0.0031,0.0082,0.0062,0.0081,0.0028
2024-03-17,NED,PSV,Twente,0.0,0.0011,0.003,0.0086,0.0354,0.0927,0.1992,0.2521,0.1916,0.1117,0.0633,0.0275,0.0137,0.0473,0.0349,0.111,0.0172,0.087,0.104,0.0056,0.0424,0.1002,0.0758,0.0022,0.0146,0.0547,0.0659,0.0423,0.0011,0.002,0.0142,0.0348,0.0297,0.0175,0.0,0.0007,0.0031,0.0082,0.0199,0.0185,0.0084
2024-03-17,NED,Utrecht,Nijmegen,0.001,0.0014,0.0064,0.027,0.0725,0.1654,0.2845,0.233,0.1364,0.0487,0.0167,0.0048,0.002,0.0836,0.0742,0.1038,0.0405,0.1317,0.0767,0.0163,0.0714,0.0965,0.0348,0.0048,0.0274,0.0555,0.0495,0.0108,0.0012,0.009,0.0173,0.0279,0.0114,0.0042,0.0003,0.0015,0.0043,0.0129,0.0086,0.0048,0.0014
2024-03-17,NED,Sparta Rotterdam,Ajax,0.0044,0.0098,0.0297,0.0701,0.1387,0.2289,0.2576,0.1586,0.0703,0.0263,0.0049,0.0005,0.0002,0.0655,0.1002,0.0654,0.0822,0.1151,0.0381,0.0379,0.0892,0.0643,0.0163,0.0176,0.0445,0.0605,0.0247,0.0041,0.0077,0.0271,0.0346,0.0235,0.0093,0.0004,0.0023,0.009,0.0105,0.0153,0.0072,0.0008,0.0002
2024-03-17,NED,Volendam,Alkmaar,0.0182,0.024,0.0628,0.1266,0.1932,0.2415,0.1965,0.0952,0.031,0.0093,0.0013,0.0001,0.0001,0.0462,0.0996,0.0431,0.0922,0.0861,0.0155,0.0716,0.0992,0.0365,0.0065,0.0432,0.0771,0.0472,0.0116,0.0005,0.0175,0.0457,0.0362,0.0143,0.0024,0.0001,0.0091,0.0175,0.0204,0.0133,0.0035,0.0007,0.0001
2024-03-17,NED,Heerenveen,Feyenoord,0.0166,0.0306,0.0737,0.1271,0.2014,0.2474,0.176,0.0857,0.0303,0.009,0.0017,0.0005,0.0,0.0438,0.1037,0.0374,0.1038,0.0772,0.0148,0.0757,0.1027,0.0316,0.0049,0.0491,0.077,0.0413,0.0111,0.0015,0.0227,0.0381,0.032,0.0156,0.0034,0.0005,0.0086,0.0212,0.018,0.0119,0.0044,0.0002,0.0
2024-03-17,POL,LKS,Rakow,0.0108,0.0228,0.0608,0.115,0.1993,0.2638,0.1952,0.0924,0.0298,0.0081,0.0014,0.0004,0.0,0.0612,0.1293,0.0472,0.1154,0.0868,0.0165,0.0758,0.1029,0.0319,0.005,0.0439,0.0693,0.0374,0.01,0.0013,0.018,0.031,0.026,0.0126,0.0027,0.0004,0.0062,0.0152,0.0131,0.0087,0.0031,0.0001,0.0
2024-03-17,POL,Legia,Piast Gliwice,0.0002,0.0012,0.0031,0.0203,0.0541,0.1515,0.2871,0.2417,0.1517,0.0591,0.0219,0.0064,0.0016,0.0881,0.0706,0.1279,0.032,0.1377,0.0993,0.0154,0.064,0.0899,0.0417,0.002,0.0167,0.0521,0.0446,0.0165,0.0011,0.0047,0.0162,0.0226,0.0157,0.0058,0.0,0.0011,0.0052,0.0084,0.0067,0.0052,0.0009
2024-03-17,POL,Korona,Pogon,0.0048,0.0078,0.028,0.067,0.1358,0.2249,0.2576,0.169,0.0714,0.0249,0.0073,0.0011,0.0004,0.0695,0.0954,0.0738,0.076,0.1188,0.0399,0.0396,0.093,0.069,0.0171,0.0188,0.0484,0.0559,0.0244,0.0054,0.0066,0.0235,0.0313,0.021,0.0075,0.0008,0.0028,0.0066,0.0098,0.0127,0.0068,0.0018,0.0004
2024-03-17,POR,Casa Pia,Benfica,0.0263,0.0417,0.0717,0.139,0.2328,0.2359,0.1626,0.0663,0.0187,0.0033,0.0009,0.0008,0.0,0.0506,0.1154,0.0311,0.1356,0.0774,0.0121,0.0889,0.0918,0.0257,0.002,0.0471,0.0773,0.0285,0.0052,0.0008,0.0304,0.0415,0.0245,0.0081,0.0009,0.0003,0.012,0.0205,0.0175,0.0057,0.0013,0.0001,0.0
2024-03-17,POR,Sporting,Boavista,0.0,0.0,0.0003,0.0022,0.0068,0.0313,0.1019,0.2037,0.2145,0.1766,0.1301,0.0755,0.057,0.0204,0.0111,0.0786,0.0042,0.0488,0.1133,0.0007,0.0125,0.0892,0.1036,0.0003,0.0022,0.0259,0.0767,0.0838,0.0,0.0009,0.0059,0.028,0.0587,0.0553,0.0,0.0,0.0002,0.0064,0.0213,0.0387,0.0269
2024-03-17,POR,Chaves,Guimaraes,0.0025,0.0076,0.023,0.0608,0.1362,0.2391,0.2767,0.1594,0.0672,0.0236,0.0035,0.0003,0.0001,0.0878,0.1241,0.0767,0.0909,0.1238,0.0408,0.0359,0.085,0.0608,0.0154,0.0146,0.0374,0.0531,0.0213,0.0032,0.0062,0.0214,0.0272,0.0187,0.0076,0.0003,0.0015,0.0067,0.0073,0.0113,0.005,0.0003,0.0
2024-03-17,POR,Moreirense,Arouca,0.0002,0.001,0.0102,0.0319,0.0847,0.1924,0.3047,0.2107,0.1093,0.0397,0.0114,0.0037,0.0001,0.1056,0.0981,0.1044,0.0521,0.1378,0.0647,0.0238,0.0696,0.0805,0.0293,0.0071,0.0274,0.0525,0.037,0.0084,0.0008,0.0072,0.0216,0.021,0.0092,0.0031,0.0002,0.0029,0.0049,0.0077,0.0066,0.0029,0.0001
2024-03-17,ROM,Steaua,Sepsi,0.0007,0.0011,0.0022,0.0157,0.0447,0.1219,0.248,0.2512,0.1617,0.0882,0.0434,0.0154,0.0058,0.0688,0.0504,0.1116,0.0274,0.1107,0.0951,0.0091,0.0533,0.1014,0.0577,0.0017,0.0123,0.0569,0.056,0.0314,0.0011,0.0061,0.0156,0.0324,0.0236,0.0101,0.0007,0.0005,0.0044,0.0094,0.0081,0.0107,0.0039
2024-03-17,SCO,Dundee,Rangers,0.0282,0.0435,0.0803,0.1384,0.2188,0.2391,0.1601,0.0661,0.0193,0.0043,0.0008,0.0008,0.0,0.0475,0.1115,0.0281,0.1244,0.0746,0.011,0.0843,0.0936,0.0273,0.0027,0.0512,0.0761,0.0308,0.0066,0.0007,0.0304,0.0441,0.027,0.0096,0.0011,0.0005,0.0118,0.024,0.0159,0.0065,0.0018,0.0001,0.0
2024-03-17,SRB,Crvena Zvezda,Kragujevac,0.0,0.0,0.0003,0.0013,0.007,0.0297,0.1084,0.2168,0.229,0.1768,0.1194,0.0653,0.0458,0.0292,0.013,0.103,0.0048,0.0517,0.1356,0.0005,0.0115,0.0863,0.1131,0.0003,0.0017,0.0221,0.0753,0.0815,0.0,0.0006,0.004,0.0223,0.0531,0.0509,0.0,0.0,0.0001,0.0048,0.0161,0.0328,0.0226
2024-03-17,SRB,Krusevac,Nis,0.0002,0.001,0.0025,0.0186,0.0517,0.1526,0.3,0.2476,0.147,0.0538,0.0186,0.0051,0.0012,0.106,0.0784,0.1422,0.0329,0.1412,0.102,0.0146,0.0606,0.0859,0.0397,0.0017,0.0147,0.0459,0.0392,0.0145,0.0009,0.0039,0.0132,0.0184,0.0129,0.0047,0.0,0.0008,0.0039,0.0064,0.0051,0.0039,0.0007
2024-03-17,SRB,Mladost Lucani,Partizan,0.008,0.0172,0.0403,0.1024,0.1807,0.2579,0.2268,0.1136,0.0388,0.0109,0.0027,0.0005,0.0,0.0634,0.1199,0.0534,0.1085,0.0995,0.0235,0.0639,0.1056,0.0451,0.0063,0.0282,0.0567,0.0521,0.0125,0.0015,0.0128,0.033,0.0272,0.013,0.0043,0.0002,0.0045,0.0103,0.0134,0.0108,0.0028,0.0011,0.0
2024-03-17,SRB,Zeleznicar Pancevo,Ivanjica,0.0008,0.0017,0.0072,0.0279,0.0799,0.1745,0.2908,0.2234,0.1239,0.0483,0.0165,0.0042,0.001,0.0801,0.0792,0.1019,0.0388,0.1417,0.0747,0.0178,0.0726,0.0907,0.0353,0.0054,0.0343,0.0544,0.0403,0.0117,0.0015,0.0085,0.0205,0.028,0.0114,0.0032,0.0007,0.0014,0.0066,0.0127,0.0082,0.0041,0.0009
2024-03-17,SUI,Lausanne,Young Boys,0.0083,0.0149,0.0422,0.1055,0.1758,0.2534,0.2244,0.1204,0.0387,0.0132,0.0025,0.0006,0.0,0.0615,0.1119,0.0537,0.1041,0.0961,0.0225,0.0644,0.1041,0.0512,0.0075,0.0289,0.0543,0.0556,0.0135,0.0014,0.01,0.0352,0.031,0.014,0.0056,0.0002,0.0048,0.0108,0.015,0.0099,0.0028,0.0007,0.0
2024-03-17,SUI,Zuerich,Lausanne Ouchy,0.0,0.0007,0.0022,0.0062,0.0308,0.0807,0.2024,0.2718,0.1914,0.117,0.0602,0.0253,0.0112,0.0555,0.0345,0.1326,0.0165,0.0913,0.1152,0.0046,0.036,0.105,0.0836,0.0017,0.0113,0.0483,0.0581,0.0426,0.0007,0.0009,0.0092,0.0296,0.0282,0.0176,0.0,0.0004,0.0024,0.0061,0.0162,0.0157,0.0077
2024-03-17,SUI,Luzern,Servette,0.0037,0.0074,0.0198,0.0554,0.124,0.2294,0.2713,0.1753,0.0745,0.026,0.0101,0.0029,0.0002,0.0766,0.1059,0.0826,0.0702,0.1281,0.0453,0.036,0.0927,0.0712,0.0175,0.0156,0.0461,0.0511,0.0235,0.0073,0.0067,0.0161,0.0269,0.0195,0.0072,0.0023,0.0031,0.0036,0.0067,0.015,0.0057,0.002,0.0
2024-03-17,TUR,Kasimpasa,Galatasaray,0.0137,0.0226,0.0519,0.1183,0.1807,0.2413,0.2055,0.1092,0.0388,0.0137,0.0032,0.0009,0.0,0.0416,0.0886,0.0412,0.0931,0.0848,0.0201,0.064,0.1047,0.0477,0.0069,0.0321,0.0625,0.0613,0.0146,0.0016,0.0146,0.0444,0.0373,0.0174,0.0065,0.0003,0.007,0.0154,0.0208,0.0154,0.0041,0.0013,0.0
2024-03-17,TUR,Trabzonspor,Fenerbahce,0.0076,0.0153,0.0409,0.0856,0.1568,0.2296,0.2457,0.1321,0.0578,0.0221,0.0045,0.0018,0.0,0.0598,0.0885,0.0543,0.0795,0.1084,0.0271,0.0493,0.0933,0.0535,0.0132,0.0276,0.0587,0.0575,0.0233,0.0034,0.0081,0.0292,0.0376,0.0195,0.0075,0.0007,0.0031,0.0115,0.017,0.0165,0.006,0.0006,0.0
2024-03-17,TUR,Rizespor,Gaziantep FK,0.0004,0.001,0.0058,0.0228,0.0719,0.1635,0.2942,0.2305,0.1272,0.0581,0.0175,0.0058,0.0012,0.0819,0.0807,0.116,0.0448,0.1491,0.0782,0.0172,0.0625,0.0891,0.0402,0.0051,0.0233,0.0539,0.041,0.013,0.0007,0.0048,0.018,0.0229,0.0146,0.0048,0.0003,0.0007,0.0035,0.0086,0.0067,0.0043,0.0007
2024-03-17,TUR,Hatayspor,Samsunspor,0.0004,0.0016,0.0067,0.036,0.0893,0.1968,0.3068,0.212,0.0963,0.0394,0.011,0.0032,0.0004,0.1105,0.0957,0.108,0.0531,0.1364,0.063,0.0277,0.0756,0.0793,0.0316,0.0054,0.0307,0.0506,0.0283,0.0085,0.0014,0.0078,0.0218,0.0223,0.0064,0.0023,0.0002,0.0013,0.0047,0.0084,0.0041,0.0024,0.0004
2024-03-17,UKR,Chernomorets,Veres,0.0005,0.0013,0.0062,0.0231,0.0721,0.162,0.2879,0.2283,0.1302,0.0609,0.0193,0.0067,0.0015,0.0744,0.0756,0.1089,0.0437,0.1456,0.0777,0.0168,0.0633,0.0914,0.0409,0.0053,0.0239,0.0573,0.0435,0.0138,0.0008,0.0053,0.0204,0.025,0.0162,0.0055,0.0004,0.0007,0.0041,0.0098,0.0072,0.0052,0.0009
2024-03-18,ESP,Andorra CF,Amorebieta,0.0002,0.0006,0.002,0.0141,0.0427,0.1312,0.2881,0.26,0.1514,0.0706,0.029,0.0074,0.0025,0.1111,0.0706,0.1439,0.029,0.1261,0.1032,0.0099,0.0492,0.0936,0.0513,0.0015,0.0113,0.0445,0.043,0.0227,0.0006,0.0039,0.0102,0.0193,0.0166,0.0058,0.0002,0.0005,0.0022,0.0059,0.0044,0.0057,0.002
2024-03-18,ROM,Petrolul Ploiesti,Craiova 1948,0.0006,0.0015,0.0056,0.0246,0.0738,0.1704,0.2969,0.231,0.1253,0.049,0.0161,0.0034,0.0016,0.0917,0.0828,0.1134,0.0393,0.1391,0.0772,0.0155,0.0709,0.0901,0.0373,0.0045,0.0293,0.0541,0.0413,0.011,0.0013,0.0079,0.0147,0.0247,0.0099,0.0031,0.0004,0.001,0.0051,0.011,0.0058,0.0041,0.0013


